  445704832  0.000000
  0  -1.875000
  0  0.000000
  0  0.000000
  0  0.000000
  0  1.875000
  9  0.000000
  577  0.000000
  -72536956  0.000000
  -134270976  0.000000
  -134270976  0.000000
  -134270976  0.000000
  -134270976  0.000000
  -134270739  0.000000
  -134266880  0.000000
  -134270976  0.000000
  -134266880  0.000000
  0  0.000000
  0  0.000000
  0  0.000000
  0  0.000000
  6471696  0.000000
  4  0.000000
  35  0.000000
  0  0.000000
  442020656  0.000000
  -1  -nan
  35  0.000000
  442020672  0.000000
  0  0.000000
  35  0.000000
  37  0.000000
  -1  0.000000
  37  0.000000
  1312  0.000000
  -139671904  0.000000
  0  0.000000
  0  0.000000
  0  0.000000
  0  0.000000
  0  0.000000
  0  0.000000
  0  0.000000
  0  0.000000
  0  0.000000
  0  0.000000
  0  0.000000
  0  0.000000
  0  0.000000
  0  0.000000
  0  0.000000
  0  0.000000
  0  0.000000
  0  0.000000
  0  0.000000
  0  0.000000
  0  0.000000
  6471696  0.000000
  -1  0.000000
  0  0.000000
  445054976  0.000000
  442020944  0.000000
  -1  -nan
  0  0.000000
  442020960  0.000000
  0  0.000000
  0  0.000000
  0  0.000000
  -1  0.000000
  0  0.000000
  0  0.000000
  -139671904  0.000000
  0  0.000000
  0  0.000000
  0  0.000000
  0  0.000000
  0  0.000000
  0  0.000000
  -139672672  0.000000
  43281  0.000000
  -139667528  0.000000
  -139667528  0.000000
  0  0.000000
  0  0.000000
  0  0.000000
  -139671904  0.000000
  0  0.000000
  0  0.000000
  0  0.000000
  0  0.000000
  0  0.000000
  0  0.000000
  0  0.000000
  0  0.000000
  0  0.000000
  0  0.000000
  0  0.000000
  0  0.000000
  0  0.000000
  9  0.000000
  9  0.000000
  38  0.000000
  38  0.000000
  38  0.000000
  24  0.000000
  24  0.000000
  24  0.000000
  24  0.000000
  -139672672  0.000000
  43041  0.000000
  -139667528  0.000000
  -139667528  0.000000
  0  0.000000
  0  0.000000
  -139672672  0.000000
  42993  0.000000
  -139667528  0.000000
  -139667528  0.000000
  0  0.000000
  0  0.000000
  0  0.000000
  0  0.000000
  109520272  0.000000
  1078390057  -0.694264
  0  0.000000
  42913  0.000000
  -139665624  0.000000
  444671104  0.000000
  -139672672  0.000000
  42881  0.000000
  -139667528  0.000000
  -139667528  0.000000
  0  0.000000
  0  0.000000
  0  0.000000
  0  0.000000
  0  0.000000
  0  0.000000
  0  0.000000
  6471696  0.000000
  -1  0.000000
  6471696  0.000000
  -65536  0.000000
  442021600  0.000000
  -1  -nan
  442021616  0.000000
  442021616  0.000000
  0  0.000000
  442021632  0.000000
  0  0.000000
  -1  0.000000
  0  0.000000
  -1  0.000000
  -139671904  0.000000
  0  0.000000
  0  0.000000
  0  0.000000
  0  0.000000
  0  0.000000
  0  0.000000
  0  0.000000
  0  0.000000
  0  0.000000
  0  0.000000
  0  0.000000
  0  0.000000
  0  0.000000
  0  0.000000
  0  0.000000
  0  0.000000
  0  0.000000
  300  0.000000
  301  0.000000
  302  0.000000
  303  0.000000
  304  0.000000
  305  0.000000
  306  0.000000
  307  0.000000
  308  0.000000
  309  0.000000
  310  0.000000
  311  0.000000
  312  0.000000
  313  0.000000
  314  0.000000
  315  0.000000
  316  0.000000
  -139672672  0.000000
  42401  0.000000
  -139667528  0.000000
  -139667528  0.000000
  0  0.000000
  0  0.000000
  323  0.000000
  324  0.000000
  -139672672  0.000000
  42337  0.000000
  -139667528  0.000000
  -139667528  0.000000
  0  0.000000
  0  0.000000
  0  0.000000
  0  0.000000
  0  0.000000
  0  0.000000
  335  0.000000
  336  0.000000
  337  0.000000
  338  0.000000
  339  0.000000
  340  0.000000
  341  0.000000
  342  0.000000
  343  0.000000
  344  0.000000
  345  0.000000
  346  0.000000
  347  0.000000
  348  0.000000
  349  0.000000
  350  0.000000
  351  0.000000
  352  0.000000
  353  0.000000
  354  0.000000
  355  0.000000
  356  0.000000
  357  0.000000
  358  0.000000
  359  0.000000
  360  0.000000
  361  0.000000
  362  0.000000
  363  0.000000
  364  0.000000
  365  0.000000
  366  0.000000
  367  0.000000
  368  0.000000
  369  0.000000
  370  0.000000
  371  0.000000
  372  0.000000
  373  0.000000
  374  0.000000
  375  0.000000
  376  0.000000
  377  0.000000
  378  0.000000
  379  0.000000
  380  0.000000
  381  0.000000
  382  0.000000
  383  0.000000
  384  0.000000
  385  0.000000
  386  0.000000
  387  0.000000
  388  0.000000
  389  0.000000
  390  0.000000
  391  0.000000
  392  0.000000
  393  0.000000
  394  0.000000
  395  0.000000
  396  0.000000
  397  0.000000
  398  0.000000
  399  0.000000
  400  0.000000
  401  0.000000
  402  0.000000
  403  0.000000
  404  0.000000
  405  0.000000
  406  0.000000
  407  0.000000
  408  0.000000
  409  0.000000
  410  0.000000
  411  0.000000
  412  0.000000
  413  0.000000
  414  0.000000
  415  5.386056
  416  6.162642
  417  6.031199
  418  6.606667
  419  6.680871
  420  5.964110
  421  5.076576
  422  5.038709
  423  5.167878
  424  6.615502
  425  7.974995
  426  8.985641
  427  10.525682
  428  7.654600
  429  3.093459
  430  3.574895
  431  5.057934
  432  5.428700
  433  7.085584
  434  6.035539
  435  0.262908
  436  4.498865
  437  5.104846
  438  -4.464084
  439  -3.522302
  440  -2.845619
  441  -4.487810
  442  -7.642672
  443  -9.751816
  444  -8.983120
  445  -10.819231
  446  -12.150824
  447  -11.437531
  448  -8.418027
  449  -3.432890
  450  -2.779402
  451  -3.227279
  452  -3.971848
  453  -5.523919
  454  -6.277781
  455  -2.514420
  456  -4.183402
  457  -3.564805
  458  0.613354
  459  -1.822881
  460  -2.804011
  461  -7.858101
  462  -7.543366
  463  -7.508087
  464  -7.956435
  465  -7.631925
  466  -6.959500
  467  -5.890726
  468  -5.528862
  469  -5.763592
  470  -8.707054
  471  -11.255170
  472  -11.300758
  473  -9.782374
  474  -8.792534
  475  -7.571145
  476  -7.305494
  477  -8.285200
  478  -8.765952
  479  -8.126213
  480  -8.071445
  481  -5.300524
  482  -6.808139
  483  -5.648866
  484  0.000000
  485  0.000000
  486  0.000000
  487  0.000000
  488  0.000000
  489  0.000000
  490  0.000000
  491  0.000000
  492  0.000000
  493  0.000000
  494  0.000000
  495  0.000000
  496  0.000000
  497  0.000000
  498  0.000000
  499  0.000000
  500  0.000000
  501  0.000000
  502  0.000000
  503  0.000000
  504  0.000000
  505  0.000000
  506  0.000000
  507  0.000000
  508  0.000000
  509  0.000000
  510  0.000000
  511  0.000000
  512  0.000000
  513  0.000000
  514  0.000000
  515  0.000000
  516  0.000000
  517  0.000000
  518  0.000000
  519  0.000000
  520  0.000000
  521  0.000000
  522  0.000000
  523  0.000000
  524  0.000000
  525  0.000000
  526  0.000000
  527  0.000000
  528  0.000000
  529  0.000000
  530  0.000000
  531  0.000000
  532  0.000000
  533  0.000000
  534  0.000000
  535  0.000000
  536  0.000000
  537  0.000000
  538  0.000000
  539  0.000000
  540  0.000000
  541  0.000000
  542  0.000000
  543  0.000000
  544  0.000000
  545  0.000000
  546  0.000000
  547  0.000000
  548  0.000000
  549  0.000000
  550  0.000000
  551  0.000000
  552  0.000000
  553  0.000000
  554  0.000000
  555  0.000000
  556  0.000000
  557  0.000000
  558  0.000000
  559  0.000000
  560  0.000000
  561  0.000000
  562  0.000000
  563  0.000000
  564  0.000000
  565  0.000000
  566  0.000000
  567  0.000000
  568  0.000000
  569  0.000000
  570  0.000000
  571  0.000000
  572  0.000000
  573  0.000000
  574  0.000000
  575  0.000000
  576  0.000000
  577  0.000000
  578  0.000000
  579  0.000000
  580  0.000000
  581  0.000000
  582  0.000000
  583  0.000000
  584  0.000000
  585  0.000000
  586  0.000000
  587  0.000000
  588  0.000000
  589  0.000000
  590  0.000000
  591  0.000000
  592  0.000000
  593  0.000000
  594  0.000000
  595  0.000000
  596  0.000000
  597  0.000000
  598  0.000000
  599  0.000000
  600  0.000000
  601  0.000000
  602  0.000000
  603  0.000000
  604  0.000000
  605  0.000000
  606  0.000000
  607  0.000000
  608  0.000000
  609  0.000000
  610  0.000000
  611  0.000000
  612  0.000000
  613  0.000000
  614  0.000000
  615  0.000000
  616  0.000000
  617  0.000000
  618  0.000000
  619  0.000000
  620  0.000000
  621  0.000000
  622  -38.319996
  623  -35.455879
  624  -35.985493
  625  -38.494930
  626  -41.283745
  627  -40.258469
  628  -40.540276
  629  -39.953339
  630  -37.551445
  631  -35.404915
  632  -33.966232
  633  -32.266273
  634  -31.578421
  635  -30.241714
  636  -33.367130
  637  -33.141262
  638  -28.738903
  639  -25.116646
  640  -21.373318
  641  -17.769215
  642  -16.914053
  643  -14.829397
  644  -11.239206
  645  -36.618000
  646  -38.304932
  647  -36.752506
  648  -29.860685
  649  -27.807045
  650  -27.653637
  651  -27.104456
  652  -23.806889
  653  -22.757105
  654  -24.947395
  655  -24.150269
  656  -25.984978
  657  -24.799025
  658  -23.153515
  659  -16.851654
  660  -12.097652
  661  -17.348726
  662  -24.775446
  663  -23.208460
  664  -19.866470
  665  -15.870927
  666  -19.257267
  667  -20.804628
  668  40.421810
  669  36.985847
  670  38.146019
  671  40.934200
  672  43.809837
  673  43.603783
  674  46.865456
  675  48.433846
  676  45.904278
  677  42.645634
  678  42.659317
  679  45.724342
  680  42.911057
  681  41.103210
  682  38.831493
  683  32.755058
  684  30.700937
  685  36.106209
  686  36.436672
  687  30.876060
  688  24.906755
  689  29.693333
  690  27.451883
  691  0.000000
  692  0.000000
  693  0.000000
  694  0.000000
  695  0.000000
  696  0.000000
  697  0.000000
  698  0.000000
  699  0.000000
  700  0.000000
  701  0.000000
  702  0.000000
  703  0.000000
  704  0.000000
  705  0.000000
  706  0.000000
  707  0.000000
  708  0.000000
  709  0.000000
  710  0.000000
  711  0.000000
  712  0.000000
  713  0.000000
  714  0.000000
  715  0.000000
  716  0.000000
  717  0.000000
  718  0.000000
  719  0.000000
  720  0.000000
  721  0.000000
  722  0.000000
  723  0.000000
  724  0.000000
  725  0.000000
  726  0.000000
  727  0.000000
  728  0.000000
  729  0.000000
  730  0.000000
  731  0.000000
  732  0.000000
  733  0.000000
  734  0.000000
  735  0.000000
  736  0.000000
  737  0.000000
  738  0.000000
  739  0.000000
  740  0.000000
  741  0.000000
  742  0.000000
  743  0.000000
  744  0.000000
  745  0.000000
  746  0.000000
  747  0.000000
  748  0.000000
  749  0.000000
  750  0.000000
  751  0.000000
  752  0.000000
  753  0.000000
  754  0.000000
  755  0.000000
  756  0.000000
  757  0.000000
  758  0.000000
  759  0.000000
  760  0.000000
  761  0.000000
  762  0.000000
  763  0.000000
  764  0.000000
  765  0.000000
  766  0.000000
  767  0.000000
  768  0.000000
  769  0.000000
  770  0.000000
  771  0.000000
  772  0.000000
  773  0.000000
  774  0.000000
  775  0.000000
  776  0.000000
  777  0.000000
  778  0.000000
  779  0.000000
  780  0.000000
  781  0.000000
  782  0.000000
  783  0.000000
  784  0.000000
  785  0.000000
  786  0.000000
  787  0.000000
  788  0.000000
  789  0.000000
  790  0.000000
  791  0.000000
  792  0.000000
  793  0.000000
  794  0.000000
  795  0.000000
  796  0.000000
  797  0.000000
  798  0.000000
  799  0.000000
  800  0.000000
  801  0.000000
  802  0.000000
  803  0.000000
  804  0.000000
  805  0.000000
  806  0.000000
  807  0.000000
  808  0.000000
  809  0.000000
  810  0.000000
  811  0.000000
  812  0.000000
  813  0.000000
  814  0.000000
  815  0.000000
  816  0.000000
  817  0.000000
  818  0.000000
  819  0.000000
  820  0.000000
  821  0.000000
  822  0.000000
  823  0.000000
  824  0.000000
  825  0.000000
  826  0.000000
  827  0.000000
  828  0.000000
  829  0.000000
  830  0.000000
  831  0.000000
  832  0.000000
  833  0.000000
  834  0.000000
  835  0.000000
  836  0.000000
  837  0.000000
  838  0.000000
  839  0.000000
  840  0.000000
  841  0.000000
  842  0.000000
  843  0.000000
  844  0.000000
  845  0.000000
  846  0.000000
  847  0.000000
  848  0.000000
  849  0.000000
  850  0.000000
  851  0.000000
  852  0.000000
  853  0.000000
  854  0.000000
  855  0.000000
  856  0.000000
  857  0.000000
  858  0.000000
  859  0.000000
  860  0.000000
  861  0.000000
  862  0.000000
  863  0.000000
  864  0.000000
  865  0.000000
  866  0.000000
  867  0.000000
  868  0.000000
  869  0.000000
  870  0.000000
  871  0.000000
  872  0.000000
  873  0.000000
  874  0.000000
  875  0.000000
  876  0.000000
  877  0.000000
  878  0.000000
  879  0.000000
  880  0.000000
  881  0.000000
  882  0.000000
  883  0.000000
  884  0.000000
  885  0.000000
  886  0.000000
  887  0.000000
  888  0.000000
  889  0.000000
  890  0.000000
  891  0.000000
  892  0.000000
  893  0.000000
  894  0.000000
  895  0.000000
  896  0.000000
  897  0.000000
  898  0.000000
  899  0.000000
  900  0.000000
  901  0.000000
  902  0.000000
  903  0.000000
  904  0.000000
  905  0.000000
  906  0.000000
  907  0.000000
  908  0.000000
  909  0.000000
  910  0.000000
  911  0.000000
  912  0.000000
  913  0.000000
  914  0.000000
  915  0.000000
  916  0.000000
  917  0.000000
  918  0.000000
  919  0.000000
  920  0.000000
  921  0.000000
  922  0.000000
  923  0.000000
  924  0.000000
  925  0.000000
  926  0.000000
  927  0.000000
  928  0.000000
  929  0.000000
  930  0.000000
  931  0.000000
  932  0.000000
  933  0.000000
  934  0.000000
  935  0.000000
  936  0.000000
  937  0.000000
  938  0.000000
  939  0.000000
  940  0.000000
  941  0.000000
  942  0.000000
  943  0.000000
  944  0.000000
  945  0.000000
  946  0.000000
  947  0.000000
  948  0.000000
  949  0.000000
  950  0.000000
  951  0.000000
  952  0.000000
  953  0.000000
  954  0.000000
  955  0.000000
  956  0.000000
  957  0.000000
  958  0.000000
  959  0.000000
  960  0.000000
  961  0.000000
  962  0.000000
  963  0.000000
  964  0.000000
  965  0.000000
  966  0.000000
  967  -13.203218
  968  -12.892800
  969  -11.575091
  970  -9.139318
  971  -3.977171
  972  0.252319
  973  -0.817581
  974  -8.878834
  975  -13.752650
  976  -18.195734
  977  -19.267372
  978  -19.035048
  979  -17.405802
  980  -12.723245
  981  -15.173532
  982  -17.356152
  983  -9.338708
  984  -13.115095
  985  -13.706574
  986  -8.499783
  987  -8.316899
  988  -12.846594
  989  -14.587192
  990  -11.139249
  991  -9.258530
  992  -9.200866
  993  -9.376187
  994  -9.448387
  995  -7.648968
  996  -7.322877
  997  -6.894337
  998  -4.477959
  999  -3.589768
  1000  -2.210765
  1001  -1.729147
  1002  -4.329341
  1003  -5.526440
  1004  -3.204416
  1005  -3.344173
  1006  -3.560640
  1007  -3.505175
  1008  -3.629254
  1009  -3.169647
  1010  -1.570924
  1011  -1.326458
  1012  -0.910904
  1013  -3.492848
  1014  -2.839002
  1015  -2.475499
  1016  -3.522063
  1017  -4.513934
  1018  -4.407074
  1019  -4.583886
  1020  -2.886055
  1021  -1.904985
  1022  -1.069186
  1023  0.258567
  1024  -0.139252
  1025  -0.511399
  1026  -1.329648
  1027  -0.563124
  1028  0.043027
  1029  -1.673820
  1030  -1.777842
  1031  -1.094018
  1032  0.112410
  1033  1.047113
  1034  0.881192
  1035  1.191207
  1036  0.000000
  1037  0.000000
  1038  0.000000
  1039  0.000000
  1040  0.000000
  1041  0.000000
  1042  0.000000
  1043  0.000000
  1044  0.000000
  1045  0.000000
  1046  0.000000
  1047  0.000000
  1048  0.000000
  1049  0.000000
  1050  0.000000
  1051  0.000000
  1052  0.000000
  1053  0.000000
  1054  0.000000
  1055  0.000000
  1056  0.000000
  1057  0.000000
  1058  0.000000
  1059  0.000000
  1060  0.000000
  1061  0.000000
  1062  0.000000
  1063  0.000000
  1064  0.000000
  1065  0.000000
  1066  0.000000
  1067  0.000000
  1068  0.000000
  1069  0.000000
  1070  0.000000
  1071  0.000000
  1072  0.000000
  1073  0.000000
  1074  0.000000
  1075  0.000000
  1076  0.000000
  1077  0.000000
  1078  0.000000
  1079  0.000000
  1080  0.000000
  1081  0.000000
  1082  0.000000
  1083  0.000000
  1084  0.000000
  1085  0.000000
  1086  0.000000
  1087  0.000000
  1088  0.000000
  1089  0.000000
  1090  0.000000
  1091  0.000000
  1092  0.000000
  1093  0.000000
  1094  0.000000
  1095  0.000000
  1096  0.000000
  1097  0.000000
  1098  0.000000
  1099  0.000000
  1100  0.000000
  1101  0.000000
  1102  0.000000
  1103  0.000000
  1104  0.000000
  1105  0.000000
  1106  0.000000
  1107  0.000000
  1108  0.000000
  1109  0.000000
  1110  0.000000
  1111  0.000000
  1112  0.000000
  1113  0.000000
  1114  0.000000
  1115  0.000000
  1116  0.000000
  1117  0.000000
  1118  0.000000
  1119  0.000000
  1120  0.000000
  1121  0.000000
  1122  0.000000
  1123  0.000000
  1124  0.000000
  1125  0.000000
  1126  0.000000
  1127  0.000000
  1128  0.000000
  1129  0.000000
  1130  0.000000
  1131  0.000000
  1132  0.000000
  1133  0.000000
  1134  0.000000
  1135  0.000000
  1136  0.000000
  1137  0.000000
  1138  0.000000
  1139  0.000000
  1140  0.000000
  1141  0.000000
  1142  0.000000
  1143  0.000000
  1144  0.000000
  1145  0.000000
  1146  0.000000
  1147  0.000000
  1148  0.000000
  1149  0.000000
  1150  0.000000
  1151  0.000000
  1152  0.000000
  1153  0.000000
  1154  0.000000
  1155  0.000000
  1156  0.000000
  1157  0.000000
  1158  0.000000
  1159  0.000000
  1160  0.000000
  1161  0.000000
  1162  0.000000
  1163  0.000000
  1164  0.000000
  1165  0.000000
  1166  0.000000
  1167  0.000000
  1168  0.000000
  1169  0.000000
  1170  0.000000
  1171  0.000000
  1172  0.000000
  1173  0.000000
  1174  7.049243
  1175  5.454331
  1176  4.841069
  1177  7.353004
  1178  9.746555
  1179  9.686739
  1180  8.916870
  1181  10.415215
  1182  13.324038
  1183  13.138481
  1184  11.188825
  1185  7.690768
  1186  -1.030874
  1187  -8.289532
  1188  -9.792188
  1189  -6.030059
  1190  -3.903755
  1191  -6.645822
  1192  -1.397585
  1193  -4.729878
  1194  -11.583197
  1195  -1.259597
  1196  -1.383011
  1197  -6.677839
  1198  -6.503618
  1199  -5.137360
  1200  -6.890950
  1201  -8.901046
  1202  -9.441170
  1203  -8.594992
  1204  -9.886173
  1205  -8.246090
  1206  -0.676826
  1207  0.949911
  1208  -2.626071
  1209  -8.665790
  1210  -5.746605
  1211  -3.502040
  1212  -6.621302
  1213  -3.364744
  1214  0.512802
  1215  -2.421277
  1216  -2.307829
  1217  2.773628
  1218  0.092045
  1219  1.361576
  1220  -13.914306
  1221  -12.604837
  1222  -10.475031
  1223  -11.449243
  1224  -12.149755
  1225  -12.412416
  1226  -11.729809
  1227  -11.672495
  1228  -13.428589
  1229  -13.038522
  1230  -14.357156
  1231  -12.142887
  1232  -3.418666
  1233  3.227817
  1234  1.662612
  1235  0.201693
  1236  0.134470
  1237  1.717762
  1238  -0.463915
  1239  2.903657
  1240  6.539586
  1241  -0.107074
  1242  -0.615857
  1243  0.000000
  1244  0.000000
  1245  0.000000
  1246  0.000000
  1247  0.000000
  1248  0.000000
  1249  0.000000
  1250  0.000000
  1251  0.000000
  1252  0.000000
  1253  0.000000
  1254  0.000000
  1255  0.000000
  1256  0.000000
  1257  0.000000
  1258  0.000000
  1259  0.000000
  1260  0.000000
  1261  0.000000
  1262  0.000000
  1263  0.000000
  1264  0.000000
  1265  0.000000
  1266  0.000000
  1267  0.000000
  1268  0.000000
  1269  0.000000
  1270  0.000000
  1271  0.000000
  1272  0.000000
  1273  0.000000
  1274  0.000000
  1275  0.000000
  1276  0.000000
  1277  0.000000
  1278  0.000000
  1279  0.000000
  1280  0.000000
  1281  0.000000
  1282  0.000000
  1283  0.000000
  1284  0.000000
  1285  0.000000
  1286  0.000000
  1287  0.000000
  1288  0.000000
  1289  0.000000
  1290  0.000000
  1291  0.000000
  1292  0.000000
  1293  0.000000
  1294  0.000000
  1295  0.000000
  1296  0.000000
  1297  0.000000
  1298  0.000000
  1299  0.000000
  1300  0.000000
  1301  0.000000
  1302  0.000000
  1303  0.000000
  1304  0.000000
  1305  0.000000
  1306  0.000000
  1307  0.000000
  1308  0.000000
  1309  0.000000
  1310  0.000000
  1311  0.000000
  1312  -9.972432
  1313  -8.879210
  1314  -7.550523
  1315  -6.714642
  1316  -5.462477
  1317  -3.846880
  1318  -2.447496
  1319  -2.478165
  1320  -2.772565
  1321  -3.079497
  1322  -3.849483
  1323  -3.288825
  1324  -2.356706
  1325  -2.538051
  1326  -3.022294
  1327  -1.837744
  1328  -1.330166
  1329  -1.004135
  1330  0.915695
  1331  4.141748
  1332  5.220360
  1333  4.327979
  1334  5.008244
  1335  3.437843
  1336  3.752685
  1337  3.061133
  1338  3.975586
  1339  4.011205
  1340  4.103614
  1341  3.640943
  1342  0.963768
  1343  -2.887398
  1344  -4.655579
  1345  -4.079873
  1346  -3.704573
  1347  -0.702590
  1348  0.414530
  1349  -2.329217
  1350  -1.678626
  1351  -0.847648
  1352  -1.887394
  1353  -2.215432
  1354  -1.933168
  1355  -3.313988
  1356  -4.178565
  1357  -4.607410
  1358  7.435066
  1359  7.017564
  1360  5.246924
  1361  6.145684
  1362  6.623844
  1363  6.158767
  1364  5.548603
  1365  4.060017
  1366  2.811006
  1367  1.500393
  1368  1.312854
  1369  -0.898822
  1370  -1.684333
  1371  -1.925883
  1372  -2.764043
  1373  -2.341681
  1374  -0.183784
  1375  -1.498035
  1376  -1.241143
  1377  -4.250634
  1378  -6.093266
  1379  -4.948306
  1380  -4.852538
  1381  0.000000
  1382  0.000000
  1383  0.000000
  1384  0.000000
  1385  0.000000
  1386  0.000000
  1387  0.000000
  1388  0.000000
  1389  0.000000
  1390  0.000000
  1391  0.000000
  1392  0.000000
  1393  0.000000
  1394  0.000000
  1395  0.000000
  1396  0.000000
  1397  0.000000
  1398  0.000000
  1399  0.000000
  1400  0.000000
  1401  0.000000
  1402  0.000000
  1403  0.000000
  1404  0.000000
  1405  0.000000
  1406  0.000000
  1407  0.000000
  1408  0.000000
  1409  0.000000
  1410  0.000000
  1411  0.000000
  1412  0.000000
  1413  0.000000
  1414  0.000000
  1415  0.000000
  1416  0.000000
  1417  0.000000
  1418  0.000000
  1419  0.000000
  1420  0.000000
  1421  0.000000
  1422  0.000000
  1423  0.000000
  1424  0.000000
  1425  0.000000
  1426  0.000000
  1427  0.000000
  1428  0.000000
  1429  0.000000
  1430  0.000000
  1431  0.000000
  1432  0.000000
  1433  0.000000
  1434  0.000000
  1435  0.000000
  1436  0.000000
  1437  0.000000
  1438  0.000000
  1439  0.000000
  1440  0.000000
  1441  0.000000
  1442  0.000000
  1443  0.000000
  1444  0.000000
  1445  0.000000
  1446  0.000000
  1447  0.000000
  1448  0.000000
  1449  0.000000
  1450  -0.958299
  1451  -3.317734
  1452  -4.527082
  1453  -4.942392
  1454  -4.668594
  1455  -5.669928
  1456  -6.266114
  1457  -7.073886
  1458  -8.143972
  1459  -7.983591
  1460  -7.569450
  1461  -3.868167
  1462  -4.393832
  1463  -5.730490
  1464  -6.258651
  1465  -7.832977
  1466  -9.256529
  1467  -6.540183
  1468  -5.295594
  1469  -3.978329
  1470  -5.833421
  1471  -6.947680
  1472  -6.492532
  1473  14.556380
  1474  13.726321
  1475  12.403255
  1476  10.912979
  1477  10.494472
  1478  9.924576
  1479  9.103187
  1480  8.382788
  1481  7.434531
  1482  6.569287
  1483  8.358714
  1484  10.683327
  1485  8.739274
  1486  8.401134
  1487  8.387557
  1488  5.882583
  1489  5.526767
  1490  6.399663
  1491  7.847160
  1492  8.012025
  1493  5.214098
  1494  3.905789
  1495  5.950348
  1496  -2.467283
  1497  -1.048895
  1498  0.339893
  1499  1.028082
  1500  0.510731
  1501  0.586038
  1502  0.424348
  1503  1.828639
  1504  1.819405
  1505  1.042232
  1506  1.954375
  1507  0.650203
  1508  -0.025552
  1509  1.499506
  1510  1.762316
  1511  1.110481
  1512  1.330774
  1513  0.928682
  1514  1.483244
  1515  1.214485
  1516  1.535651
  1517  2.532797
  1518  2.463295
  1519  0.000000
  1520  0.000000
  1521  0.000000
  1522  0.000000
  1523  0.000000
  1524  0.000000
  1525  0.000000
  1526  0.000000
  1527  0.000000
  1528  0.000000
  1529  0.000000
  1530  0.000000
  1531  0.000000
  1532  0.000000
  1533  0.000000
  1534  0.000000
  1535  0.000000
  1536  0.000000
  1537  0.000000
  1538  0.000000
  1539  0.000000
  1540  0.000000
  1541  0.000000
  1542  0.000000
  1543  0.000000
  1544  0.000000
  1545  0.000000
  1546  0.000000
  1547  0.000000
  1548  0.000000
  1549  0.000000
  1550  0.000000
  1551  0.000000
  1552  0.000000
  1553  0.000000
  1554  0.000000
  1555  0.000000
  1556  0.000000
  1557  0.000000
  1558  0.000000
  1559  0.000000
  1560  0.000000
  1561  0.000000
  1562  0.000000
  1563  0.000000
  1564  0.000000
  1565  0.000000
  1566  0.000000
  1567  0.000000
  1568  0.000000
  1569  0.000000
  1570  0.000000
  1571  0.000000
  1572  0.000000
  1573  0.000000
  1574  0.000000
  1575  0.000000
  1576  0.000000
  1577  0.000000
  1578  0.000000
  1579  0.000000
  1580  0.000000
  1581  0.000000
  1582  0.000000
  1583  0.000000
  1584  0.000000
  1585  0.000000
  1586  0.000000
  1587  0.000000
  1588  8.380390
  1589  6.791708
  1590  7.048068
  1591  4.255608
  1592  4.541246
  1593  4.655657
  1594  4.033232
  1595  3.502551
  1596  2.333081
  1597  2.036623
  1598  4.673070
  1599  8.142111
  1600  7.135300
  1601  7.638667
  1602  6.955763
  1603  1.910713
  1604  1.731948
  1605  5.619129
  1606  6.240285
  1607  5.085267
  1608  1.952269
  1609  4.046553
  1610  5.670297
  1611  -4.013697
  1612  -4.431017
  1613  -4.589457
  1614  -2.265608
  1615  -3.830179
  1616  -3.798733
  1617  -2.821661
  1618  -1.903817
  1619  -1.615944
  1620  -2.120849
  1621  -3.860397
  1622  -3.040128
  1623  -0.449199
  1624  0.118213
  1625  0.101348
  1626  1.132265
  1627  0.138665
  1628  0.727927
  1629  1.555730
  1630  3.936868
  1631  7.890531
  1632  7.428087
  1633  6.173644
  1634  -10.546942
  1635  -8.257507
  1636  -9.852687
  1637  -9.385509
  1638  -10.321992
  1639  -10.705793
  1640  -8.533935
  1641  -7.812719
  1642  -6.360318
  1643  -3.566486
  1644  -5.460548
  1645  -8.659943
  1646  -7.783973
  1647  -7.480632
  1648  -7.777689
  1649  -3.392087
  1650  -3.729400
  1651  -4.809379
  1652  -4.966431
  1653  -1.688273
  1654  1.288998
  1655  -0.955889
  1656  -1.386839
  1657  0.000000
  1658  0.000000
  1659  0.000000
  1660  0.000000
  1661  0.000000
  1662  0.000000
  1663  0.000000
  1664  0.000000
  1665  0.000000
  1666  0.000000
  1667  0.000000
  1668  0.000000
  1669  0.000000
  1670  0.000000
  1671  0.000000
  1672  0.000000
  1673  0.000000
  1674  0.000000
  1675  0.000000
  1676  0.000000
  1677  0.000000
  1678  0.000000
  1679  0.000000
  1680  0.000000
  1681  0.000000
  1682  0.000000
  1683  0.000000
  1684  0.000000
  1685  0.000000
  1686  0.000000
  1687  0.000000
  1688  0.000000
  1689  0.000000
  1690  0.000000
  1691  0.000000
  1692  0.000000
  1693  0.000000
  1694  0.000000
  1695  0.000000
  1696  0.000000
  1697  0.000000
  1698  0.000000
  1699  0.000000
  1700  0.000000
  1701  0.000000
  1702  0.000000
  1703  0.000000
  1704  0.000000
  1705  0.000000
  1706  0.000000
  1707  0.000000
  1708  0.000000
  1709  0.000000
  1710  0.000000
  1711  0.000000
  1712  0.000000
  1713  0.000000
  1714  0.000000
  1715  0.000000
  1716  0.000000
  1717  0.000000
  1718  0.000000
  1719  0.000000
  1720  0.000000
  1721  0.000000
  1722  0.000000
  1723  0.000000
  1724  0.000000
  1725  0.000000
  1726  0.000000
  1727  0.000000
  1728  0.000000
  1729  0.000000
  1730  0.000000
  1731  0.000000
  1732  0.000000
  1733  0.000000
  1734  0.000000
  1735  0.000000
  1736  0.000000
  1737  0.000000
  1738  0.000000
  1739  0.000000
  1740  0.000000
  1741  0.000000
  1742  0.000000
  1743  0.000000
  1744  0.000000
  1745  0.000000
  1746  0.000000
  1747  0.000000
  1748  0.000000
  1749  0.000000
  1750  0.000000
  1751  0.000000
  1752  0.000000
  1753  0.000000
  1754  0.000000
  1755  0.000000
  1756  0.000000
  1757  0.000000
  1758  0.000000
  1759  0.000000
  1760  0.000000
  1761  0.000000
  1762  0.000000
  1763  0.000000
  1764  0.000000
  1765  0.000000
  1766  0.000000
  1767  0.000000
  1768  0.000000
  1769  0.000000
  1770  0.000000
  1771  0.000000
  1772  0.000000
  1773  0.000000
  1774  0.000000
  1775  0.000000
  1776  0.000000
  1777  0.000000
  1778  0.000000
  1779  0.000000
  1780  0.000000
  1781  0.000000
  1782  0.000000
  1783  0.000000
  1784  0.000000
  1785  0.000000
  1786  0.000000
  1787  0.000000
  1788  0.000000
  1789  0.000000
  1790  0.000000
  1791  0.000000
  1792  0.000000
  1793  0.000000
  1794  0.000000
  1795  -5.087144
  1796  -9.419461
  1797  -9.353965
  1798  -5.532136
  1799  -2.879842
  1800  -2.196293
  1801  -0.774749
  1802  0.932034
  1803  1.301915
  1804  0.171189
  1805  0.028786
  1806  1.424538
  1807  -0.078539
  1808  -0.301548
  1809  -4.321846
  1810  -5.219335
  1811  -5.909825
  1812  -2.315341
  1813  3.598278
  1814  1.870908
  1815  -0.627286
  1816  0.862786
  1817  7.372279
  1818  35.445030
  1819  33.840508
  1820  32.368237
  1821  29.383421
  1822  30.267427
  1823  34.016956
  1824  33.726879
  1825  32.634968
  1826  30.316483
  1827  27.994144
  1828  24.376825
  1829  21.717018
  1830  23.360910
  1831  22.858452
  1832  17.221563
  1833  16.046780
  1834  18.394995
  1835  16.733795
  1836  19.699734
  1837  18.510971
  1838  11.904402
  1839  13.418294
  1840  13.993797
  1841  -4.785266
  1842  -0.923704
  1843  -1.873390
  1844  -3.968419
  1845  -2.503229
  1846  -0.564000
  1847  -0.979968
  1848  -0.550618
  1849  -1.595633
  1850  -3.475844
  1851  -5.661778
  1852  -8.177947
  1853  -7.036840
  1854  -6.367862
  1855  -7.501987
  1856  -7.219909
  1857  -3.887980
  1858  -6.900335
  1859  -5.100096
  1860  -4.062839
  1861  -10.170918
  1862  -5.759641
  1863  -8.487052
  1864  6.706582
  1865  6.782546
  1866  6.365611
  1867  8.812436
  1868  10.833127
  1869  10.589926
  1870  11.288214
  1871  12.872673
  1872  9.863849
  1873  2.782580
  1874  0.002907
  1875  -1.123962
  1876  1.055238
  1877  5.469331
  1878  3.465187
  1879  2.139266
  1880  5.441257
  1881  4.490516
  1882  4.312231
  1883  1.155801
  1884  -1.014769
  1885  4.902646
  1886  0.919385
  1887  -0.183405
  1888  -0.642075
  1889  -0.471609
  1890  -0.591830
  1891  -1.004974
  1892  -1.572147
  1893  -2.636804
  1894  -1.829842
  1895  0.458498
  1896  0.836427
  1897  1.242164
  1898  2.141281
  1899  2.850481
  1900  -2.485425
  1901  -4.620161
  1902  -0.507185
  1903  -3.132588
  1904  -5.958947
  1905  -4.718409
  1906  -4.055732
  1907  -2.732438
  1908  -4.563386
  1909  -3.927457
  1910  0.091261
  1911  -0.468580
  1912  -0.697251
  1913  -1.290032
  1914  -1.178971
  1915  -0.727075
  1916  -0.610021
  1917  -0.092006
  1918  1.401169
  1919  2.515336
  1920  3.229370
  1921  3.209000
  1922  0.090053
  1923  -2.671289
  1924  -1.518159
  1925  -0.095677
  1926  -1.832350
  1927  -2.555466
  1928  -0.173098
  1929  1.220270
  1930  -1.600495
  1931  -2.795432
  1932  -1.038589
  1933  2.320077
  1934  2.726491
  1935  0.157136
  1936  -1.860903
  1937  -3.626919
  1938  -3.329575
  1939  -3.076694
  1940  -2.303541
  1941  -1.091208
  1942  -0.146024
  1943  -0.345722
  1944  -1.467796
  1945  -0.994792
  1946  -1.584027
  1947  -2.720393
  1948  -2.953592
  1949  -3.215886
  1950  -2.754057
  1951  -3.749168
  1952  -2.606520
  1953  -2.156979
  1954  -2.303925
  1955  -3.469467
  1956  -5.527931
  1957  -6.615407
  1958  -4.778004
  1959  -4.051762
  1960  -4.061136
  1961  -4.181999
  1962  -2.880585
  1963  -3.655899
  1964  -4.734534
  1965  -3.307177
  1966  -1.512632
  1967  -2.063501
  1968  -2.910900
  1969  0.654814
  1970  3.443388
  1971  3.455537
  1972  0.915451
  1973  1.031917
  1974  1.979146
  1975  2.788324
  1976  2.854447
  1977  0.757363
  1978  1.504011
  1979  -3.587032
  1980  -3.195301
  1981  -1.990821
  1982  0.600533
  1983  3.794559
  1984  4.878291
  1985  4.288677
  1986  3.373883
  1987  2.756160
  1988  2.091574
  1989  2.227032
  1990  2.238193
  1991  1.590371
  1992  3.238696
  1993  3.716348
  1994  5.145611
  1995  8.448290
  1996  8.275266
  1997  8.708005
  1998  6.753696
  1999  5.671877
  2000  7.536705
  2001  7.221721
  2002  2.851403
  2003  3.716342
  2004  3.388224
  2005  0.293020
  2006  1.300378
  2007  1.836513
  2008  1.931700
  2009  1.350592
  2010  1.489929
  2011  2.777655
  2012  4.070419
  2013  2.808849
  2014  1.731893
  2015  2.569476
  2016  1.870663
  2017  0.056945
  2018  1.140176
  2019  2.295030
  2020  0.475829
  2021  -0.308292
  2022  -1.633033
  2023  0.738707
  2024  0.582190
  2025  0.871321
  2026  -0.523063
  2027  0.774337
  2028  -0.405164
  2029  -0.071360
  2030  -0.850407
  2031  -1.494457
  2032  -1.344897
  2033  -0.587678
  2034  -0.201020
  2035  -0.507633
  2036  0.016240
  2037  0.824225
  2038  1.088320
  2039  0.056930
  2040  -0.391154
  2041  -0.175064
  2042  1.598439
  2043  1.433141
  2044  -0.016179
  2045  0.128936
  2046  -1.249524
  2047  -0.835024
  2048  2.339231
  2049  1.301343
  2050  1.119634
  2051  2.493691
  2052  2.917968
  2053  4.676287
  2054  5.626882
  2055  5.185309
  2056  2.457830
  2057  1.133406
  2058  1.482977
  2059  5.321121
  2060  6.021388
  2061  5.752019
  2062  6.048604
  2063  5.136283
  2064  4.778090
  2065  4.623189
  2066  5.945829
  2067  4.712290
  2068  2.873291
  2069  4.004647
  2070  3.782631
  2071  0.000000
  2072  0.000000
  2073  0.000000
  2074  0.000000
  2075  0.000000
  2076  0.000000
  2077  0.000000
  2078  0.000000
  2079  0.000000
  2080  0.000000
  2081  0.000000
  2082  0.000000
  2083  0.000000
  2084  0.000000
  2085  0.000000
  2086  0.000000
  2087  0.000000
  2088  0.000000
  2089  0.000000
  2090  0.000000
  2091  0.000000
  2092  0.000000
  2093  0.000000
  2094  0.000000
  2095  0.000000
  2096  0.000000
  2097  0.000000
  2098  0.000000
  2099  0.000000
  2100  0.000000
  2101  0.000000
  2102  0.000000
  2103  0.000000
  2104  0.000000
  2105  0.000000
  2106  0.000000
  2107  0.000000
  2108  0.000000
  2109  0.000000
  2110  0.000000
  2111  0.000000
  2112  0.000000
  2113  0.000000
  2114  0.000000
  2115  0.000000
  2116  0.000000
  2117  0.000000
  2118  0.000000
  2119  0.000000
  2120  0.000000
  2121  0.000000
  2122  0.000000
  2123  0.000000
  2124  0.000000
  2125  0.000000
  2126  0.000000
  2127  0.000000
  2128  0.000000
  2129  0.000000
  2130  0.000000
  2131  0.000000
  2132  0.000000
  2133  0.000000
  2134  0.000000
  2135  0.000000
  2136  0.000000
  2137  0.000000
  2138  0.000000
  2139  0.000000
  2140  0.000000
  2141  0.000000
  2142  0.000000
  2143  0.000000
  2144  0.000000
  2145  0.000000
  2146  0.000000
  2147  0.000000
  2148  0.000000
  2149  0.000000
  2150  0.000000
  2151  0.000000
  2152  0.000000
  2153  0.000000
  2154  0.000000
  2155  0.000000
  2156  0.000000
  2157  0.000000
  2158  0.000000
  2159  0.000000
  2160  0.000000
  2161  0.000000
  2162  0.000000
  2163  0.000000
  2164  0.000000
  2165  0.000000
  2166  0.000000
  2167  0.000000
  2168  0.000000
  2169  0.000000
  2170  0.000000
  2171  0.000000
  2172  0.000000
  2173  0.000000
  2174  0.000000
  2175  0.000000
  2176  0.000000
  2177  0.000000
  2178  0.000000
  2179  0.000000
  2180  0.000000
  2181  0.000000
  2182  0.000000
  2183  0.000000
  2184  0.000000
  2185  0.000000
  2186  0.000000
  2187  0.000000
  2188  0.000000
  2189  0.000000
  2190  0.000000
  2191  0.000000
  2192  0.000000
  2193  0.000000
  2194  0.000000
  2195  0.000000
  2196  0.000000
  2197  0.000000
  2198  0.000000
  2199  0.000000
  2200  0.000000
  2201  0.000000
  2202  0.000000
  2203  0.000000
  2204  0.000000
  2205  0.000000
  2206  0.000000
  2207  0.000000
  2208  0.000000
  2209  0.000000
  2210  0.000000
  2211  0.000000
  2212  0.000000
  2213  0.000000
  2214  0.000000
  2215  0.000000
  2216  0.000000
  2217  0.000000
  2218  0.000000
  2219  0.000000
  2220  0.000000
  2221  0.000000
  2222  0.000000
  2223  0.000000
  2224  0.000000
  2225  0.000000
  2226  0.000000
  2227  0.000000
  2228  0.000000
  2229  0.000000
  2230  0.000000
  2231  0.000000
  2232  0.000000
  2233  0.000000
  2234  0.000000
  2235  0.000000
  2236  0.000000
  2237  0.000000
  2238  0.000000
  2239  0.000000
  2240  0.000000
  2241  0.000000
  2242  0.000000
  2243  0.000000
  2244  0.000000
  2245  0.000000
  2246  0.000000
  2247  0.000000
  2248  0.000000
  2249  0.000000
  2250  0.000000
  2251  0.000000
  2252  0.000000
  2253  0.000000
  2254  0.000000
  2255  0.000000
  2256  0.000000
  2257  0.000000
  2258  0.000000
  2259  0.000000
  2260  0.000000
  2261  0.000000
  2262  0.000000
  2263  0.000000
  2264  0.000000
  2265  0.000000
  2266  0.000000
  2267  0.000000
  2268  0.000000
  2269  0.000000
  2270  0.000000
  2271  0.000000
  2272  0.000000
  2273  0.000000
  2274  0.000000
  2275  0.000000
  2276  0.000000
  2277  0.000000
  2278  -1.169128
  2279  -2.082537
  2280  -2.456352
  2281  -2.387483
  2282  -1.766770
  2283  -1.837323
  2284  -1.429188
  2285  -1.052819
  2286  -1.020419
  2287  -0.661527
  2288  0.337516
  2289  0.163903
  2290  -0.110285
  2291  -1.034623
  2292  -1.402999
  2293  -1.474660
  2294  -1.148468
  2295  -1.086670
  2296  -0.333120
  2297  0.358120
  2298  0.197262
  2299  -0.008675
  2300  -0.086026
  2301  15.687607
  2302  15.707439
  2303  15.541866
  2304  15.124025
  2305  15.441593
  2306  14.897329
  2307  14.816425
  2308  15.053289
  2309  13.863416
  2310  14.409381
  2311  15.117210
  2312  14.432322
  2313  14.617387
  2314  13.986166
  2315  11.203659
  2316  11.031641
  2317  12.336864
  2318  11.599351
  2319  11.606280
  2320  10.123265
  2321  9.126563
  2322  9.134978
  2323  8.820521
  2324  1.179755
  2325  1.612060
  2326  1.697079
  2327  1.352592
  2328  1.879218
  2329  2.125491
  2330  0.724281
  2331  0.040046
  2332  -0.156988
  2333  0.650235
  2334  1.011112
  2335  1.294566
  2336  0.841658
  2337  2.311221
  2338  1.147378
  2339  0.539314
  2340  2.243015
  2341  1.986692
  2342  1.647730
  2343  0.127422
  2344  -0.527813
  2345  0.604410
  2346  0.696193
  2347  0.000000
  2348  0.000000
  2349  0.000000
  2350  0.000000
  2351  0.000000
  2352  0.000000
  2353  0.000000
  2354  0.000000
  2355  0.000000
  2356  0.000000
  2357  0.000000
  2358  0.000000
  2359  0.000000
  2360  0.000000
  2361  0.000000
  2362  0.000000
  2363  0.000000
  2364  0.000000
  2365  0.000000
  2366  0.000000
  2367  0.000000
  2368  0.000000
  2369  0.000000
  2370  0.000000
  2371  0.000000
  2372  0.000000
  2373  0.000000
  2374  0.000000
  2375  0.000000
  2376  0.000000
  2377  0.000000
  2378  0.000000
  2379  0.000000
  2380  0.000000
  2381  0.000000
  2382  0.000000
  2383  0.000000
  2384  0.000000
  2385  0.000000
  2386  0.000000
  2387  0.000000
  2388  0.000000
  2389  0.000000
  2390  0.000000
  2391  0.000000
  2392  0.000000
  2393  0.000000
  2394  0.000000
  2395  0.000000
  2396  0.000000
  2397  0.000000
  2398  0.000000
  2399  0.000000
  2400  0.000000
  2401  0.000000
  2402  0.000000
  2403  0.000000
  2404  0.000000
  2405  0.000000
  2406  0.000000
  2407  0.000000
  2408  0.000000
  2409  0.000000
  2410  0.000000
  2411  0.000000
  2412  0.000000
  2413  0.000000
  2414  0.000000
  2415  0.000000
  2416  1.748112
  2417  -3.325918
  2418  -4.216627
  2419  -3.506464
  2420  -3.207491
  2421  -1.471373
  2422  1.982165
  2423  3.562631
  2424  3.596000
  2425  3.272768
  2426  3.805864
  2427  8.504673
  2428  7.224001
  2429  12.100166
  2430  15.279780
  2431  11.114864
  2432  11.819691
  2433  21.488497
  2434  22.614819
  2435  27.361467
  2436  29.099941
  2437  29.254662
  2438  32.057552
  2439  -14.865530
  2440  -12.693775
  2441  -12.044671
  2442  -10.603733
  2443  -8.746731
  2444  -8.594220
  2445  -8.541772
  2446  -8.382013
  2447  -7.108252
  2448  -8.056749
  2449  -8.623583
  2450  -7.465342
  2451  -6.391910
  2452  -4.030614
  2453  -3.889293
  2454  -1.545533
  2455  2.769767
  2456  2.312702
  2457  1.446802
  2458  0.265170
  2459  1.727169
  2460  3.437571
  2461  6.073665
  2462  -1.655262
  2463  -1.102242
  2464  -1.032162
  2465  -1.915182
  2466  -2.352556
  2467  -3.351930
  2468  -7.315221
  2469  -8.665092
  2470  -8.437123
  2471  -7.581468
  2472  -5.256566
  2473  -7.277341
  2474  -7.753213
  2475  -9.057900
  2476  -11.922019
  2477  -11.617388
  2478  -9.995730
  2479  -13.572469
  2480  -12.568624
  2481  -14.015266
  2482  -17.800251
  2483  -18.343019
  2484  -16.329054
  2485  0.000000
  2486  0.000000
  2487  0.000000
  2488  0.000000
  2489  0.000000
  2490  0.000000
  2491  0.000000
  2492  0.000000
  2493  0.000000
  2494  0.000000
  2495  0.000000
  2496  0.000000
  2497  0.000000
  2498  0.000000
  2499  0.000000
  2500  0.000000
  2501  0.000000
  2502  0.000000
  2503  0.000000
  2504  0.000000
  2505  0.000000
  2506  0.000000
  2507  0.000000
  2508  0.000000
  2509  0.000000
  2510  0.000000
  2511  0.000000
  2512  0.000000
  2513  0.000000
  2514  0.000000
  2515  0.000000
  2516  0.000000
  2517  0.000000
  2518  0.000000
  2519  0.000000
  2520  0.000000
  2521  0.000000
  2522  0.000000
  2523  0.000000
  2524  0.000000
  2525  0.000000
  2526  0.000000
  2527  0.000000
  2528  0.000000
  2529  0.000000
  2530  0.000000
  2531  0.000000
  2532  0.000000
  2533  0.000000
  2534  0.000000
  2535  0.000000
  2536  0.000000
  2537  0.000000
  2538  0.000000
  2539  0.000000
  2540  0.000000
  2541  0.000000
  2542  0.000000
  2543  0.000000
  2544  0.000000
  2545  0.000000
  2546  0.000000
  2547  0.000000
  2548  0.000000
  2549  0.000000
  2550  0.000000
  2551  0.000000
  2552  0.000000
  2553  0.000000
  2554  -22.395962
  2555  -20.296381
  2556  -18.667295
  2557  -17.214249
  2558  -16.916458
  2559  -15.710199
  2560  -15.255268
  2561  -14.738337
  2562  -15.876056
  2563  -15.101822
  2564  -15.377930
  2565  -13.685875
  2566  -14.554935
  2567  -14.764244
  2568  -16.551186
  2569  -17.006500
  2570  -17.235929
  2571  -17.154751
  2572  -15.889426
  2573  -14.595361
  2574  -13.717885
  2575  -13.551683
  2576  -13.794768
  2577  -1.173795
  2578  -2.392777
  2579  -4.079732
  2580  -5.025054
  2581  -4.463393
  2582  -5.270079
  2583  -6.559054
  2584  -6.250584
  2585  -6.205281
  2586  -5.933271
  2587  -6.202797
  2588  -6.903803
  2589  -5.182889
  2590  -5.506094
  2591  -3.720778
  2592  -2.974473
  2593  -4.631090
  2594  -2.619841
  2595  -1.456230
  2596  -1.604527
  2597  -0.543034
  2598  -0.679405
  2599  -0.757989
  2600  6.510912
  2601  3.651546
  2602  2.401785
  2603  0.951334
  2604  1.519631
  2605  1.754244
  2606  1.855614
  2607  0.532397
  2608  1.222264
  2609  1.316756
  2610  0.104850
  2611  1.387500
  2612  1.873165
  2613  1.118070
  2614  1.403026
  2615  1.429245
  2616  1.319110
  2617  1.416195
  2618  0.648569
  2619  1.263508
  2620  1.140932
  2621  0.942949
  2622  0.719380
  2623  -1.852202
  2624  -2.802392
  2625  -3.035798
  2626  -2.501185
  2627  -2.260416
  2628  -2.250696
  2629  -1.839126
  2630  -1.279229
  2631  -1.265104
  2632  -0.627348
  2633  -0.467697
  2634  1.651150
  2635  2.484718
  2636  4.552375
  2637  4.444130
  2638  3.324106
  2639  4.029650
  2640  4.369839
  2641  4.564936
  2642  4.997992
  2643  5.280618
  2644  5.450392
  2645  6.168791
  2646  5.624518
  2647  5.932768
  2648  5.614199
  2649  4.511474
  2650  3.206145
  2651  2.906789
  2652  2.975006
  2653  2.555739
  2654  1.760854
  2655  1.593440
  2656  2.344408
  2657  3.410834
  2658  2.379636
  2659  1.195159
  2660  0.278432
  2661  -1.426131
  2662  -1.051284
  2663  -1.928459
  2664  -2.664788
  2665  -2.668111
  2666  -2.303715
  2667  -2.577976
  2668  -3.770335
  2669  2.706391
  2670  4.345254
  2671  4.367179
  2672  3.010015
  2673  1.620418
  2674  1.504965
  2675  0.096266
  2676  -0.684369
  2677  -0.229221
  2678  -0.909271
  2679  -0.099133
  2680  -0.913811
  2681  -1.535753
  2682  -4.938777
  2683  -6.033706
  2684  -3.648415
  2685  -2.146824
  2686  -1.869593
  2687  -2.791927
  2688  -3.834770
  2689  -4.229631
  2690  -3.323816
  2691  -3.778686
  2692  0.000000
  2693  0.000000
  2694  0.000000
  2695  0.000000
  2696  0.000000
  2697  0.000000
  2698  0.000000
  2699  0.000000
  2700  0.000000
  2701  0.000000
  2702  0.000000
  2703  0.000000
  2704  0.000000
  2705  0.000000
  2706  0.000000
  2707  0.000000
  2708  0.000000
  2709  0.000000
  2710  0.000000
  2711  0.000000
  2712  0.000000
  2713  0.000000
  2714  0.000000
  2715  0.000000
  2716  0.000000
  2717  0.000000
  2718  0.000000
  2719  0.000000
  2720  0.000000
  2721  0.000000
  2722  0.000000
  2723  0.000000
  2724  0.000000
  2725  0.000000
  2726  0.000000
  2727  0.000000
  2728  0.000000
  2729  0.000000
  2730  0.000000
  2731  0.000000
  2732  0.000000
  2733  0.000000
  2734  0.000000
  2735  0.000000
  2736  0.000000
  2737  0.000000
  2738  0.000000
  2739  0.000000
  2740  0.000000
  2741  0.000000
  2742  0.000000
  2743  0.000000
  2744  0.000000
  2745  0.000000
  2746  0.000000
  2747  0.000000
  2748  0.000000
  2749  0.000000
  2750  0.000000
  2751  0.000000
  2752  0.000000
  2753  0.000000
  2754  0.000000
  2755  0.000000
  2756  0.000000
  2757  0.000000
  2758  0.000000
  2759  0.000000
  2760  0.000000
  2761  0.000000
  2762  0.000000
  2763  0.000000
  2764  0.000000
  2765  0.000000
  2766  0.000000
  2767  0.000000
  2768  0.000000
  2769  0.000000
  2770  0.000000
  2771  0.000000
  2772  0.000000
  2773  0.000000
  2774  0.000000
  2775  0.000000
  2776  0.000000
  2777  0.000000
  2778  0.000000
  2779  0.000000
  2780  0.000000
  2781  0.000000
  2782  0.000000
  2783  0.000000
  2784  0.000000
  2785  0.000000
  2786  0.000000
  2787  0.000000
  2788  0.000000
  2789  0.000000
  2790  0.000000
  2791  0.000000
  2792  0.000000
  2793  0.000000
  2794  0.000000
  2795  0.000000
  2796  0.000000
  2797  0.000000
  2798  0.000000
  2799  0.000000
  2800  0.000000
  2801  0.000000
  2802  0.000000
  2803  0.000000
  2804  0.000000
  2805  0.000000
  2806  0.000000
  2807  0.000000
  2808  0.000000
  2809  0.000000
  2810  0.000000
  2811  0.000000
  2812  0.000000
  2813  0.000000
  2814  0.000000
  2815  0.000000
  2816  0.000000
  2817  0.000000
  2818  0.000000
  2819  0.000000
  2820  0.000000
  2821  0.000000
  2822  0.000000
  2823  0.000000
  2824  0.000000
  2825  0.000000
  2826  0.000000
  2827  0.000000
  2828  0.000000
  2829  0.000000
  2830  6.112208
  2831  8.083240
  2832  4.240632
  2833  3.073975
  2834  4.411732
  2835  4.910778
  2836  2.518474
  2837  2.518716
  2838  3.497396
  2839  4.870753
  2840  5.640123
  2841  5.466079
  2842  5.973256
  2843  4.168409
  2844  0.017964
  2845  1.190948
  2846  7.894624
  2847  8.336822
  2848  5.808942
  2849  3.079775
  2850  -1.262711
  2851  4.566250
  2852  2.969563
  2853  -0.338817
  2854  -0.859986
  2855  -2.189333
  2856  -2.910746
  2857  -2.285485
  2858  -0.839142
  2859  -0.874076
  2860  0.282039
  2861  1.582387
  2862  0.510854
  2863  -2.093383
  2864  -5.079306
  2865  -5.085389
  2866  -5.141634
  2867  -4.068072
  2868  -3.596747
  2869  -4.549574
  2870  -4.965884
  2871  -4.237601
  2872  -3.409442
  2873  -1.026120
  2874  -2.045222
  2875  -1.639678
  2876  -0.412252
  2877  -1.146888
  2878  0.346328
  2879  -0.271680
  2880  -3.772373
  2881  -4.543777
  2882  -2.666564
  2883  -2.199698
  2884  -2.121142
  2885  -2.515306
  2886  -2.462562
  2887  -0.690599
  2888  -0.335113
  2889  -0.993841
  2890  -0.673936
  2891  -1.680498
  2892  -4.220207
  2893  -4.358086
  2894  -4.197959
  2895  -2.303429
  2896  0.816498
  2897  -2.201610
  2898  -2.300980
  2899  0.000000
  2900  0.000000
  2901  0.000000
  2902  0.000000
  2903  0.000000
  2904  0.000000
  2905  0.000000
  2906  0.000000
  2907  0.000000
  2908  0.000000
  2909  0.000000
  2910  0.000000
  2911  0.000000
  2912  0.000000
  2913  0.000000
  2914  0.000000
  2915  0.000000
  2916  0.000000
  2917  0.000000
  2918  0.000000
  2919  0.000000
  2920  0.000000
  2921  0.000000
  2922  0.000000
  2923  0.000000
  2924  0.000000
  2925  0.000000
  2926  0.000000
  2927  0.000000
  2928  0.000000
  2929  0.000000
  2930  0.000000
  2931  0.000000
  2932  0.000000
  2933  0.000000
  2934  0.000000
  2935  0.000000
  2936  0.000000
  2937  0.000000
  2938  0.000000
  2939  0.000000
  2940  0.000000
  2941  0.000000
  2942  0.000000
  2943  0.000000
  2944  0.000000
  2945  0.000000
  2946  0.000000
  2947  0.000000
  2948  0.000000
  2949  0.000000
  2950  0.000000
  2951  0.000000
  2952  0.000000
  2953  0.000000
  2954  0.000000
  2955  0.000000
  2956  0.000000
  2957  0.000000
  2958  0.000000
  2959  0.000000
  2960  0.000000
  2961  0.000000
  2962  0.000000
  2963  0.000000
  2964  0.000000
  2965  0.000000
  2966  0.000000
  2967  0.000000
  2968  0.000000
  2969  0.000000
  2970  0.000000
  2971  0.000000
  2972  0.000000
  2973  0.000000
  2974  0.000000
  2975  0.000000
  2976  0.000000
  2977  0.000000
  2978  0.000000
  2979  0.000000
  2980  0.000000
  2981  0.000000
  2982  0.000000
  2983  0.000000
  2984  0.000000
  2985  0.000000
  2986  0.000000
  2987  0.000000
  2988  0.000000
  2989  0.000000
  2990  0.000000
  2991  0.000000
  2992  0.000000
  2993  0.000000
  2994  0.000000
  2995  0.000000
  2996  0.000000
  2997  0.000000
  2998  0.000000
  2999  0.000000
  3000  0.000000
  3001  0.000000
  3002  0.000000
  3003  0.000000
  3004  0.000000
  3005  0.000000
  3006  0.000000
  3007  0.000000
  3008  0.000000
  3009  0.000000
  3010  0.000000
  3011  0.000000
  3012  0.000000
  3013  0.000000
  3014  0.000000
  3015  0.000000
  3016  0.000000
  3017  0.000000
  3018  0.000000
  3019  0.000000
  3020  0.000000
  3021  0.000000
  3022  0.000000
  3023  0.000000
  3024  0.000000
  3025  0.000000
  3026  0.000000
  3027  0.000000
  3028  0.000000
  3029  0.000000
  3030  0.000000
  3031  0.000000
  3032  0.000000
  3033  0.000000
  3034  0.000000
  3035  0.000000
  3036  0.000000
  3037  3.687239
  3038  3.557665
  3039  3.420453
  3040  3.989694
  3041  5.028222
  3042  5.533804
  3043  5.471923
  3044  6.276013
  3045  5.914635
  3046  3.847709
  3047  2.118892
  3048  1.567803
  3049  3.388121
  3050  2.215921
  3051  -0.445689
  3052  0.669302
  3053  1.150707
  3054  -0.202036
  3055  2.368559
  3056  0.951031
  3057  -2.494529
  3058  0.179312
  3059  1.342945
  3060  3.600293
  3061  4.426277
  3062  3.936041
  3063  3.700689
  3064  4.889849
  3065  4.994010
  3066  4.558872
  3067  5.019654
  3068  7.080134
  3069  8.852484
  3070  7.767229
  3071  6.095529
  3072  7.696758
  3073  6.081775
  3074  3.963101
  3075  4.007389
  3076  4.929614
  3077  4.648462
  3078  4.979484
  3079  4.198583
  3080  0.413015
  3081  2.848188
  3082  2.413118
  3083  -3.994872
  3084  -4.091305
  3085  -4.219604
  3086  -3.121757
  3087  -3.857392
  3088  -3.930134
  3089  -4.622319
  3090  -5.563265
  3091  -4.828924
  3092  -1.389640
  3093  1.462706
  3094  1.272462
  3095  -1.056754
  3096  -0.422243
  3097  1.522091
  3098  0.729121
  3099  0.982113
  3100  2.053958
  3101  -0.053281
  3102  1.400877
  3103  2.693429
  3104  1.043412
  3105  1.335640
  3106  3.116894
  3107  3.515899
  3108  3.549088
  3109  2.798689
  3110  1.249720
  3111  0.711854
  3112  0.484203
  3113  0.415472
  3114  0.265522
  3115  0.780350
  3116  2.088881
  3117  4.854280
  3118  5.171658
  3119  4.197356
  3120  2.187471
  3121  1.901688
  3122  4.022852
  3123  4.060657
  3124  2.847990
  3125  2.023795
  3126  1.683306
  3127  2.832116
  3128  1.955659
  3129  2.782559
  3130  5.191092
  3131  4.187614
  3132  3.851980
  3133  4.111027
  3134  3.319508
  3135  2.619522
  3136  1.759662
  3137  1.872105
  3138  1.938215
  3139  2.602168
  3140  1.885879
  3141  1.955647
  3142  -1.102389
  3143  -2.898339
  3144  -0.693631
  3145  1.091681
  3146  1.218777
  3147  -0.128698
  3148  -1.759432
  3149  -4.775016
  3150  -2.440729
  3151  -4.041540
  3152  -5.151806
  3153  -6.205312
  3154  -7.677806
  3155  -5.775204
  3156  -2.554385
  3157  -1.957478
  3158  -1.935920
  3159  -1.542245
  3160  -1.205453
  3161  -0.768142
  3162  -1.233999
  3163  -2.993070
  3164  -2.396235
  3165  0.395704
  3166  1.379331
  3167  1.253307
  3168  1.417752
  3169  2.128146
  3170  2.953618
  3171  3.665864
  3172  2.175608
  3173  2.948382
  3174  3.760659
  3175  -6.196115
  3176  -6.659720
  3177  -5.992249
  3178  -3.490675
  3179  -2.333962
  3180  -2.397000
  3181  -1.680798
  3182  -2.163475
  3183  -1.570429
  3184  0.103086
  3185  -0.196331
  3186  -3.323227
  3187  -2.002165
  3188  0.022134
  3189  -1.701347
  3190  0.397813
  3191  2.714789
  3192  3.139692
  3193  5.575802
  3194  6.714941
  3195  3.990767
  3196  4.328280
  3197  5.243005
  3198  2.122523
  3199  1.647973
  3200  2.533727
  3201  4.003323
  3202  5.536814
  3203  5.472895
  3204  4.228693
  3205  4.405371
  3206  5.353703
  3207  4.029708
  3208  1.070540
  3209  1.868884
  3210  1.583759
  3211  -3.116205
  3212  -4.596699
  3213  -3.755137
  3214  -3.790921
  3215  -4.635769
  3216  -1.613077
  3217  -2.332441
  3218  -6.645619
  3219  -3.143589
  3220  -2.588844
  3221  7.246650
  3222  7.441013
  3223  5.478061
  3224  2.810402
  3225  1.985413
  3226  2.165791
  3227  1.067913
  3228  2.110746
  3229  3.182305
  3230  3.190677
  3231  2.736805
  3232  3.517803
  3233  1.077701
  3234  -1.430405
  3235  -0.960967
  3236  -2.265644
  3237  -4.348258
  3238  -4.300816
  3239  -4.405134
  3240  -5.249737
  3241  -5.972296
  3242  -2.939111
  3243  -3.211057
  3244  0.000000
  3245  0.000000
  3246  0.000000
  3247  0.000000
  3248  0.000000
  3249  0.000000
  3250  0.000000
  3251  0.000000
  3252  0.000000
  3253  0.000000
  3254  0.000000
  3255  0.000000
  3256  0.000000
  3257  0.000000
  3258  0.000000
  3259  0.000000
  3260  0.000000
  3261  0.000000
  3262  0.000000
  3263  0.000000
  3264  0.000000
  3265  0.000000
  3266  0.000000
  3267  0.000000
  3268  0.000000
  3269  0.000000
  3270  0.000000
  3271  0.000000
  3272  0.000000
  3273  0.000000
  3274  0.000000
  3275  0.000000
  3276  0.000000
  3277  0.000000
  3278  0.000000
  3279  0.000000
  3280  0.000000
  3281  0.000000
  3282  0.000000
  3283  0.000000
  3284  0.000000
  3285  0.000000
  3286  0.000000
  3287  0.000000
  3288  0.000000
  3289  0.000000
  3290  0.000000
  3291  0.000000
  3292  0.000000
  3293  0.000000
  3294  0.000000
  3295  0.000000
  3296  0.000000
  3297  0.000000
  3298  0.000000
  3299  0.000000
  3300  0.000000
  3301  0.000000
  3302  0.000000
  3303  0.000000
  3304  0.000000
  3305  0.000000
  3306  0.000000
  3307  0.000000
  3308  0.000000
  3309  0.000000
  3310  0.000000
  3311  0.000000
  3312  0.000000
  3313  12.000000
  3314  0.000000
  3315  0.000000
  3316  0.000000
  3317  0.000000
  3318  0.000000
  3319  0.000000
  3320  0.000000
  3321  0.000000
  3322  0.000000
  3323  0.000000
  3324  0.000000
  3325  0.000000
  3326  0.000000
  3327  0.000000
  3328  0.000000
  3329  0.000000
  3330  0.000000
  3331  0.000000
  3332  0.000000
  3333  0.000000
  3334  0.000000
  3335  0.000000
  3336  0.000000
  3337  0.000000
  3338  0.000000
  3339  0.000000
  3340  0.000000
  3341  0.000000
  3342  0.000000
  3343  0.000000
  3344  0.000000
  3345  0.000000
  3346  0.000000
  3347  0.000000
  3348  1.000000
  3349  0.000000
  3350  0.000000
  3351  0.000000
  3352  0.000000
  3353  0.000000
  3354  0.000000
  3355  0.000000
  3356  0.000000
  3357  0.000000
  3358  0.000000
  3359  0.000000
  3360  0.000000
  3361  0.000000
  3362  9.000000
  3363  0.000000
  3364  0.000000
  3365  0.000000
  3366  0.000000
  3367  0.000000
  3368  0.000000
  3369  0.000000
  3370  0.000000
  3371  0.000000
  3372  0.000000
  3373  0.000000
  3374  0.000000
  3375  0.000000
  3376  0.000000
  3377  0.000000
  3378  0.000000
  3379  0.000000
  3380  0.000000
  3381  0.000000
  3382  0.000000
  3383  0.000000
  3384  0.000000
  3385  0.000000
  3386  0.000000
  3387  0.000000
  3388  0.000000
  3389  0.000000
  3390  1.000000
  3391  0.000000
  3392  0.000000
  3393  0.000000
  3394  0.000000
  3395  0.000000
  3396  0.000000
  3397  0.000000
  3398  0.000000
  3399  0.000000
  3400  0.000000
  3401  0.000000
  3402  0.000000
  3403  0.000000
  3404  0.000000
  3405  0.000000
  3406  0.000000
  3407  0.000000
  3408  0.000000
  3409  0.000000
  3410  0.000000
  3411  4.000000
  3412  0.000000
  3413  0.000000
  3414  0.000000
  3415  0.000000
  3416  0.000000
  3417  0.000000
  3418  0.000000
  3419  0.000000
  3420  0.000000
  3421  0.000000
  3422  0.000000
  3423  0.000000
  3424  0.000000
  3425  0.000000
  3426  0.000000
  3427  0.000000
  3428  0.000000
  3429  0.000000
  3430  0.000000
  3431  0.000000
  3432  0.000000
  3433  0.000000
  3434  0.000000
  3435  0.000000
  3436  1.000000
  3437  0.000000
  3438  0.000000
  3439  0.000000
  3440  0.000000
  3441  0.000000
  3442  0.000000
  3443  0.000000
  3444  0.000000
  3445  0.000000
  3446  0.000000
  3447  0.000000
  3448  0.000000
  3449  0.000000
  3450  0.000000
  3451  0.000000
  3452  0.000000
  3453  0.000000
  3454  0.000000
  3455  0.000000
  3456  0.000000
  3457  0.000000
  3458  0.000000
  3459  0.000000
  3460  0.000000
  3461  0.000000
  3462  0.000000
  3463  0.000000
  3464  0.000000
  3465  0.000000
  3466  0.000000
  3467  0.000000
  3468  0.000000
  3469  0.000000
  3470  0.000000
  3471  0.000000
  3472  0.000000
  3473  0.000000
  3474  0.000000
  3475  0.000000
  3476  0.000000
  3477  0.000000
  3478  0.000000
  3479  0.000000
  3480  0.000000
  3481  0.000000
  3482  0.000000
  3483  0.000000
  3484  0.000000
  3485  0.000000
  3486  0.000000
  3487  0.000000
  3488  0.000000
  3489  0.000000
  3490  0.000000
  3491  0.000000
  3492  0.000000
  3493  0.000000
  3494  0.000000
  3495  0.000000
  3496  0.000000
  3497  0.000000
  3498  0.000000
  3499  0.000000
  3500  0.000000
  3501  0.000000
  3502  0.000000
  3503  0.000000
  3504  0.000000
  3505  0.000000
  3506  0.000000
  3507  0.000000
  3508  0.000000
  3509  0.000000
  3510  0.000000
  3511  0.000000
  3512  0.000000
  3513  0.000000
  3514  0.000000
  3515  0.000000
  3516  0.000000
  3517  0.000000
  3518  0.000000
  3519  0.000000
  3520  0.000000
  3521  0.000000
  3522  0.000000
  3523  0.000000
  3524  0.000000
  3525  0.000000
  3526  0.000000
  3527  0.000000
  3528  0.000000
  3529  0.000000
  3530  0.000000
  3531  0.000000
  3532  0.000000
  3533  0.000000
  3534  0.000000
  3535  0.000000
  3536  0.000000
  3537  0.000000
  3538  0.000000
  3539  0.000000
  3540  0.000000
  3541  0.000000
  3542  0.000000
  3543  0.000000
  3544  0.000000
  3545  0.000000
  3546  0.000000
  3547  0.000000
  3548  0.000000
  3549  0.000000
  3550  0.000000
  3551  0.000000
  3552  0.000000
  3553  0.000000
  3554  0.000000
  3555  0.000000
  3556  0.000000
  3557  0.000000
  3558  0.000000
  3559  0.000000
  3560  0.000000
  3561  0.000000
  3562  0.000000
  3563  0.000000
  3564  0.000000
  3565  0.000000
  3566  0.000000
  3567  0.000000
  3568  0.000000
  3569  0.000000
  3570  0.000000
  3571  0.000000
  3572  0.000000
  3573  0.000000
  3574  0.000000
  3575  0.000000
  3576  0.000000
  3577  0.000000
  3578  0.000000
  3579  0.000000
  3580  0.000000
  3581  0.000000
  3582  0.000000
  3583  0.000000
  3584  0.000000
  3585  0.000000
  3586  0.000000
  3587  0.000000
  3588  0.000000
  3589  0.000000
  3590  0.000000
  3591  0.000000
  3592  0.000000
  3593  0.000000
  3594  0.000000
  3595  0.000000
  3596  0.000000
  3597  0.000000
  3598  0.000000
  3599  0.000000
  3600  0.000000
  3601  0.000000
  3602  0.000000
  3603  0.000000
  3604  0.000000
  3605  0.000000
  3606  0.000000
  3607  5.000000
  3608  0.000000
  3609  0.000000
  3610  1.000000
  3611  0.000000
  3612  0.000000
  3613  0.000000
  3614  0.000000
  3615  0.000000
  3616  0.000000
  3617  0.000000
  3618  0.000000
  3619  0.000000
  3620  0.000000
  3621  0.000000
  3622  0.000000
  3623  0.000000
  3624  0.000000
  3625  0.000000
  3626  0.000000
  3627  0.000000
  3628  0.000000
  3629  0.000000
  3630  0.000000
  3631  0.000000
  3632  0.000000
  3633  0.000000
  3634  0.000000
  3635  0.000000
  3636  0.000000
  3637  0.000000
  3638  0.000000
  3639  0.000000
  3640  0.000000
  3641  0.000000
  3642  0.000000
  3643  0.000000
  3644  0.000000
  3645  0.000000
  3646  0.000000
  3647  0.000000
  3648  0.000000
  3649  0.000000
  3650  0.000000
  3651  0.000000
  3652  0.000000
  3653  0.000000
  3654  0.000000
  3655  0.000000
  3656  0.000000
  3657  0.000000
  3658  0.000000
  3659  0.000000
  3660  0.000000
  3661  0.000000
  3662  0.000000
  3663  0.000000
  3664  0.000000
  3665  0.000000
  3666  0.000000
  3667  0.000000
  3668  0.000000
  3669  0.000000
  3670  0.000000
  3671  0.000000
  3672  0.000000
  3673  0.000000
  3674  0.000000
  3675  0.000000
  3676  0.000000
  3677  0.000000
  3678  0.000000
  3679  0.000000
  3680  0.000000
  3681  0.000000
  3682  0.000000
  3683  0.000000
  3684  0.000000
  3685  0.000000
  3686  0.000000
  3687  0.000000
  3688  0.000000
  3689  0.000000
  3690  0.000000
  3691  0.000000
  3692  0.000000
  3693  0.000000
  3694  0.000000
  3695  0.000000
  3696  0.000000
  3697  0.000000
  3698  0.000000
  3699  0.000000
  3700  0.000000
  3701  0.000000
  3702  0.000000
  3703  0.000000
  3704  0.000000
  3705  0.000000
  3706  0.000000
  3707  0.000000
  3708  0.000000
  3709  0.000000
  3710  0.000000
  3711  0.000000
  3712  0.000000
  3713  0.000000
  3714  0.000000
  3715  0.000000
  3716  0.000000
  3717  0.000000
  3718  0.000000
  3719  0.000000
  3720  0.000000
  3721  0.000000
  3722  0.000000
  3723  0.000000
  3724  0.000000
  3725  0.000000
  3726  0.000000
  3727  0.000000
  3728  0.000000
  3729  0.000000
  3730  0.000000
  3731  0.000000
  3732  0.000000
  3733  0.000000
  3734  0.000000
  3735  0.000000
  3736  0.000000
  3737  0.000000
  3738  0.000000
  3739  0.000000
  3740  0.000000
  3741  0.000000
  3742  0.000000
  3743  0.000000
  3744  0.000000
  3745  0.000000
  3746  0.000000
  3747  0.000000
  3748  0.000000
  3749  0.000000
  3750  0.000000
  3751  0.000000
  3752  0.000000
  3753  0.000000
  3754  23.000000
  3755  0.000000
  3756  0.000000
  3757  0.000000
  3758  0.000000
  3759  0.000000
  3760  0.000000
  3761  0.000000
  3762  0.000000
  3763  0.000000
  3764  0.000000
  3765  0.000000
  3766  0.000000
  3767  0.000000
  3768  0.000000
  3769  0.000000
  3770  0.000000
  3771  3.000000
  3772  0.000000
  3773  0.000000
  3774  0.000000
  3775  0.000000
  3776  0.000000
  3777  0.000000
  3778  1.000000
  3779  0.000000
  3780  0.000000
  3781  0.000000
  3782  0.000000
  3783  1.000000
  3784  0.000000
  3785  0.000000
  3786  0.000000
  3787  0.000000
  3788  0.000000
  3789  0.000000
  3790  0.000000
  3791  0.000000
  3792  0.000000
  3793  0.000000
  3794  0.000000
  3795  0.000000
  3796  0.000000
  3797  0.000000
  3798  0.000000
  3799  0.000000
  3800  0.000000
  3801  0.000000
  3802  0.000000
  3803  0.000000
  3804  0.000000
  3805  0.000000
  3806  0.000000
  3807  0.000000
  3808  0.000000
  3809  0.000000
  3810  0.000000
  3811  0.000000
  3812  0.000000
  3813  0.000000
  3814  0.000000
  3815  0.000000
  3816  0.000000
  3817  0.000000
  3818  0.000000
  3819  0.000000
  3820  0.000000
  3821  0.000000
  3822  0.000000
  3823  0.000000
  3824  0.000000
  3825  0.000000
  3826  0.000000
  3827  0.000000
  3828  0.000000
  3829  0.000000
  3830  0.000000
  3831  0.000000
  3832  0.000000
  3833  0.000000
  3834  0.000000
  3835  0.000000
  3836  0.000000
  3837  0.000000
  3838  0.000000
  3839  0.000000
  3840  0.000000
  3841  0.000000
  3842  0.000000
  3843  0.000000
  3844  0.000000
  3845  0.000000
  3846  0.000000
  3847  0.000000
  3848  0.000000
  3849  0.000000
  3850  0.000000
  3851  0.000000
  3852  0.000000
  3853  0.000000
  3854  0.000000
  3855  0.000000
  3856  0.000000
  3857  0.000000
  3858  0.000000
  3859  0.000000
  3860  0.000000
  3861  0.000000
  3862  0.000000
  3863  0.000000
  3864  0.000000
  3865  0.000000
  3866  0.000000
  3867  0.000000
  3868  0.000000
  3869  0.000000
  3870  0.000000
  3871  0.000000
  3872  0.000000
  3873  0.000000
  3874  0.000000
  3875  0.000000
  3876  0.000000
  3877  0.000000
  3878  0.000000
  3879  0.000000
  3880  0.000000
  3881  0.000000
  3882  0.000000
  3883  0.000000
  3884  0.000000
  3885  0.000000
  3886  0.000000
  3887  0.000000
  3888  0.000000
  3889  0.000000
  3890  0.000000
  3891  0.000000
  3892  0.000000
  3893  0.000000
  3894  0.000000
  3895  0.000000
  3896  0.000000
  3897  0.000000
  3898  0.000000
  3899  0.000000
  3900  0.000000
  3901  0.000000
  3902  0.000000
  3903  0.000000
  3904  0.000000
  3905  0.000000
  3906  0.000000
  3907  0.000000
  3908  0.000000
  3909  0.000000
  3910  0.000000
  3911  0.000000
  3912  0.000000
  3913  0.000000
  3914  0.000000
  3915  0.000000
  3916  0.000000
  3917  0.000000
  3918  0.000000
  3919  0.000000
  3920  0.000000
  3921  0.000000
  3922  0.000000
  3923  0.000000
  3924  0.000000
  3925  0.000000
  3926  0.000000
  3927  0.000000
  3928  0.000000
  3929  0.000000
  3930  0.000000
  3931  0.000000
  3932  0.000000
  3933  0.000000
  3934  0.000000
  3935  0.000000
  3936  0.000000
  3937  0.000000
  3938  0.000000
  3939  0.000000
  3940  0.000000
  3941  0.000000
  3942  0.000000
  3943  0.000000
  3944  0.000000
  3945  0.000000
  3946  0.000000
  3947  0.000000
  3948  0.000000
  3949  0.000000
  3950  0.000000
  3951  0.000000
  3952  0.000000
  3953  0.000000
  3954  0.000000
  3955  0.000000
  3956  0.000000
  3957  0.000000
  3958  0.000000
  3959  0.000000
  3960  0.000000
  3961  0.000000
  3962  0.000000
  3963  0.000000
  3964  0.000000
  3965  0.000000
  3966  0.000000
  3967  0.000000
  3968  0.000000
  3969  0.000000
  3970  0.000000
  3971  0.000000
  3972  0.000000
  3973  0.000000
  3974  0.000000
  3975  0.000000
  3976  0.000000
  3977  0.000000
  3978  0.000000
  3979  0.000000
  3980  0.000000
  3981  0.000000
  3982  0.000000
  3983  0.000000
  3984  0.000000
  3985  0.000000
  3986  0.000000
  3987  0.000000
  3988  0.000000
  3989  0.000000
  3990  0.000000
  3991  0.000000
  3992  0.000000
  3993  0.000000
  3994  0.000000
  3995  0.000000
  3996  0.000000
  3997  0.000000
  3998  0.000000
  3999  15.000000
  4000  0.000000
  4001  0.000000
  4002  0.000000
  4003  0.000000
  4004  0.000000
  4005  0.000000
  4006  0.000000
  4007  0.000000
  4008  0.000000
  4009  0.000000
  4010  0.000000
  4011  0.000000
  4012  0.000000
  4013  0.000000
  4014  0.000000
  4015  0.000000
  4016  0.000000
  4017  0.000000
  4018  0.000000
  4019  0.000000
  4020  0.000000
  4021  0.000000
  4022  1.000000
  4023  0.000000
  4024  0.000000
  4025  0.000000
  4026  0.000000
  4027  0.000000
  4028  0.000000
  4029  0.000000
  4030  0.000000
  4031  0.000000
  4032  0.000000
  4033  0.000000
  4034  0.000000
  4035  0.000000
  4036  0.000000
  4037  0.000000
  4038  0.000000
  4039  0.000000
  4040  0.000000
  4041  0.000000
  4042  0.000000
  4043  0.000000
  4044  0.000000
  4045  0.000000
  4046  0.000000
  4047  0.000000
  4048  0.000000
  4049  0.000000
  4050  0.000000
  4051  0.000000
  4052  0.000000
  4053  0.000000
  4054  0.000000
  4055  0.000000
  4056  0.000000
  4057  0.000000
  4058  0.000000
  4059  0.000000
  4060  0.000000
  4061  0.000000
  4062  0.000000
  4063  0.000000
  4064  0.000000
  4065  0.000000
  4066  0.000000
  4067  0.000000
  4068  0.000000
  4069  0.000000
  4070  0.000000
  4071  0.000000
  4072  0.000000
  4073  0.000000
  4074  0.000000
  4075  0.000000
  4076  0.000000
  4077  0.000000
  4078  0.000000
  4079  0.000000
  4080  0.000000
  4081  0.000000
  4082  0.000000
  4083  0.000000
  4084  0.000000
  4085  0.000000
  4086  0.000000
  4087  0.000000
  4088  0.000000
  4089  0.000000
  4090  0.000000
  4091  0.000000
  4092  0.000000
  4093  0.000000
  4094  0.000000
  4095  0.000000
  4096  0.000000
  4097  0.000000
  4098  0.000000
  4099  0.000000
  4100  0.000000
  4101  0.000000
  4102  0.000000
  4103  0.000000
  4104  0.000000
  4105  0.000000
  4106  0.000000
  4107  0.000000
  4108  0.000000
  4109  0.000000
  4110  0.000000
  4111  0.000000
  4112  0.000000
  4113  0.000000
  4114  0.000000
  4115  0.000000
  4116  0.000000
  4117  0.000000
  4118  0.000000
  4119  0.000000
  4120  0.000000
  4121  0.000000
  4122  0.000000
  4123  0.000000
  4124  0.000000
  4125  0.000000
  4126  0.000000
  4127  0.000000
  4128  0.000000
  4129  0.000000
  4130  0.000000
  4131  0.000000
  4132  0.000000
  4133  0.000000
  4134  0.000000
  4135  0.000000
  4136  0.000000
  4137  0.000000
  4138  1.000000
  4139  0.000000
  4140  0.000000
  4141  0.000000
  4142  0.000000
  4143  0.000000
  4144  0.000000
  4145  0.000000
  4146  11.000000
  4147  0.000000
  4148  1.000000
  4149  0.000000
  4150  0.000000
  4151  0.000000
  4152  0.000000
  4153  0.000000
  4154  0.000000
  4155  0.000000
  4156  0.000000
  4157  0.000000
  4158  0.000000
  4159  0.000000
  4160  0.000000
  4161  0.000000
  4162  0.000000
  4163  0.000000
  4164  0.000000
  4165  0.000000
  4166  0.000000
  4167  0.000000
  4168  0.000000
  4169  0.000000
  4170  0.000000
  4171  0.000000
  4172  0.000000
  4173  0.000000
  4174  0.000000
  4175  0.000000
  4176  0.000000
  4177  0.000000
  4178  0.000000
  4179  0.000000
  4180  0.000000
  4181  0.000000
  4182  0.000000
  4183  0.000000
  4184  0.000000
  4185  0.000000
  4186  0.000000
  4187  0.000000
  4188  0.000000
  4189  0.000000
  4190  0.000000
  4191  0.000000
  4192  0.000000
  4193  0.000000
  4194  0.000000
  4195  0.000000
  4196  0.000000
  4197  0.000000
  4198  0.000000
  4199  0.000000
  4200  0.000000
  4201  0.000000
  4202  0.000000
  4203  0.000000
  4204  0.000000
  4205  0.000000
  4206  0.000000
  4207  0.000000
  4208  0.000000
  4209  0.000000
  4210  0.000000
  4211  0.000000
  4212  0.000000
  4213  0.000000
  4214  0.000000
  4215  0.000000
  4216  0.000000
  4217  0.000000
  4218  0.000000
  4219  0.000000
  4220  0.000000
  4221  0.000000
  4222  0.000000
  4223  0.000000
  4224  0.000000
  4225  0.000000
  4226  0.000000
  4227  0.000000
  4228  0.000000
  4229  0.000000
  4230  0.000000
  4231  0.000000
  4232  0.000000
  4233  0.000000
  4234  0.000000
  4235  0.000000
  4236  0.000000
  4237  0.000000
  4238  0.000000
  4239  1.000000
  4240  0.000000
  4241  0.000000
  4242  0.000000
  4243  0.000000
  4244  10.000000
  4245  0.000000
  4246  0.000000
  4247  0.000000
  4248  0.000000
  4249  0.000000
  4250  0.000000
  4251  0.000000
  4252  0.000000
  4253  0.000000
  4254  0.000000
  4255  0.000000
  4256  0.000000
  4257  0.000000
  4258  0.000000
  4259  0.000000
  4260  0.000000
  4261  0.000000
  4262  0.000000
  4263  0.000000
  4264  0.000000
  4265  0.000000
  4266  0.000000
  4267  0.000000
  4268  0.000000
  4269  0.000000
  4270  0.000000
  4271  0.000000
  4272  0.000000
  4273  0.000000
  4274  0.000000
  4275  0.000000
  4276  0.000000
  4277  0.000000
  4278  0.000000
  4279  0.000000
  4280  0.000000
  4281  0.000000
  4282  0.000000
  4283  0.000000
  4284  0.000000
  4285  0.000000
  4286  0.000000
  4287  0.000000
  4288  0.000000
  4289  0.000000
  4290  0.000000
  4291  0.000000
  4292  0.000000
  4293  0.000000
  4294  0.000000
  4295  0.000000
  4296  0.000000
  4297  0.000000
  4298  0.000000
  4299  0.000000
  4300  0.000000
  4301  0.000000
  4302  0.000000
  4303  0.000000
  4304  0.000000
  4305  0.000000
  4306  0.000000
  4307  0.000000
  4308  0.000000
  4309  0.000000
  4310  0.000000
  4311  0.000000
  4312  0.000000
  4313  0.000000
  4314  0.000000
  4315  0.000000
  4316  0.000000
  4317  0.000000
  4318  0.000000
  4319  0.000000
  4320  0.000000
  4321  0.000000
  4322  0.000000
  4323  0.000000
  4324  0.000000
  4325  0.000000
  4326  0.000000
  4327  0.000000
  4328  0.000000
  4329  0.000000
  4330  0.000000
  4331  0.000000
  4332  0.000000
  4333  0.000000
  4334  0.000000
  4335  0.000000
  4336  0.000000
  4337  0.000000
  4338  0.000000
  4339  0.000000
  4340  0.000000
  4341  0.000000
  4342  7.000000
  4343  0.000000
  4344  1.000000
  4345  0.000000
  4346  0.000000
  4347  0.000000
  4348  0.000000
  4349  0.000000
  4350  0.000000
  4351  0.000000
  4352  0.000000
  4353  0.000000
  4354  0.000000
  4355  0.000000
  4356  0.000000
  4357  0.000000
  4358  0.000000
  4359  0.000000
  4360  0.000000
  4361  0.000000
  4362  0.000000
  4363  0.000000
  4364  0.000000
  4365  0.000000
  4366  0.000000
  4367  0.000000
  4368  0.000000
  4369  0.000000
  4370  0.000000
  4371  0.000000
  4372  0.000000
  4373  0.000000
  4374  0.000000
  4375  0.000000
  4376  0.000000
  4377  0.000000
  4378  0.000000
  4379  0.000000
  4380  0.000000
  4381  0.000000
  4382  0.000000
  4383  0.000000
  4384  0.000000
  4385  0.000000
  4386  0.000000
  4387  0.000000
  4388  0.000000
  4389  0.000000
  4390  0.000000
  4391  0.000000
  4392  0.000000
  4393  0.000000
  4394  0.000000
  4395  0.000000
  4396  0.000000
  4397  0.000000
  4398  0.000000
  4399  0.000000
  4400  0.000000
  4401  0.000000
  4402  0.000000
  4403  0.000000
  4404  0.000000
  4405  0.000000
  4406  0.000000
  4407  0.000000
  4408  0.000000
  4409  0.000000
  4410  0.000000
  4411  0.000000
  4412  0.000000
  4413  0.000000
  4414  0.000000
  4415  0.000000
  4416  0.000000
  4417  0.000000
  4418  0.000000
  4419  0.000000
  4420  0.000000
  4421  0.000000
  4422  0.000000
  4423  0.000000
  4424  0.000000
  4425  0.000000
  4426  1.000000
  4427  0.000000
  4428  0.000000
  4429  0.000000
  4430  0.000000
  4431  0.000000
  4432  0.000000
  4433  0.000000
  4434  0.000000
  4435  0.000000
  4436  0.000000
  4437  0.000000
  4438  0.000000
  4439  0.000000
  4440  6.000000
  4441  0.000000
  4442  0.000000
  4443  0.000000
  4444  0.000000
  4445  0.000000
  4446  0.000000
  4447  0.000000
  4448  0.000000
  4449  0.000000
  4450  0.000000
  4451  0.000000
  4452  1.000000
  4453  0.000000
  4454  0.000000
  4455  0.000000
  4456  0.000000
  4457  0.000000
  4458  0.000000
  4459  0.000000
  4460  0.000000
  4461  0.000000
  4462  0.000000
  4463  0.000000
  4464  0.000000
  4465  0.000000
  4466  0.000000
  4467  0.000000
  4468  0.000000
  4469  0.000000
  4470  0.000000
  4471  0.000000
  4472  0.000000
  4473  0.000000
  4474  0.000000
  4475  0.000000
  4476  0.000000
  4477  0.000000
  4478  0.000000
  4479  0.000000
  4480  0.000000
  4481  0.000000
  4482  0.000000
  4483  0.000000
  4484  0.000000
  4485  0.000000
  4486  0.000000
  4487  0.000000
  4488  0.000000
  4489  0.000000
  4490  0.000000
  4491  0.000000
  4492  0.000000
  4493  0.000000
  4494  0.000000
  4495  0.000000
  4496  0.000000
  4497  0.000000
  4498  0.000000
  4499  0.000000
  4500  0.000000
  4501  0.000000
  4502  0.000000
  4503  0.000000
  4504  0.000000
  4505  0.000000
  4506  0.000000
  4507  0.000000
  4508  0.000000
  4509  0.000000
  4510  0.000000
  4511  0.000000
  4512  0.000000
  4513  0.000000
  4514  0.000000
  4515  0.000000
  4516  0.000000
  4517  0.000000
  4518  0.000000
  4519  0.000000
  4520  0.000000
  4521  0.000000
  4522  0.000000
  4523  0.000000
  4524  0.000000
  4525  0.000000
  4526  0.000000
  4527  0.000000
  4528  0.000000
  4529  0.000000
  4530  0.000000
  4531  0.000000
  4532  0.000000
  4533  0.000000
  4534  0.000000
  4535  0.000000
  4536  0.000000
  4537  0.000000
  4538  0.000000
  4539  0.000000
  4540  0.000000
  4541  0.000000
  4542  0.000000
  4543  0.000000
  4544  0.000000
  4545  0.000000
  4546  0.000000
  4547  0.000000
  4548  0.000000
  4549  0.000000
  4550  0.000000
  4551  0.000000
  4552  0.000000
  4553  0.000000
  4554  0.000000
  4555  0.000000
  4556  0.000000
  4557  0.000000
  4558  0.000000
  4559  0.000000
  4560  0.000000
  4561  1.000000
  4562  0.000000
  4563  1.000000
  4564  0.000000
  4565  0.000000
  4566  0.000000
  4567  0.000000
  4568  0.000000
  4569  0.000000
  4570  0.000000
  4571  0.000000
  4572  0.000000
  4573  0.000000
  4574  0.000000
  4575  0.000000
  4576  0.000000
  4577  0.000000
  4578  0.000000
  4579  0.000000
  4580  0.000000
  4581  0.000000
  4582  0.000000
  4583  0.000000
  4584  0.000000
  4585  0.000000
  4586  0.000000
  4587  22.000000
  4588  0.000000
  4589  0.000000
  4590  0.000000
  4591  0.000000
  4592  0.000000
  4593  0.000000
  4594  0.000000
  4595  0.000000
  4596  0.000000
  4597  0.000000
  4598  0.000000
  4599  0.000000
  4600  0.000000
  4601  0.000000
  4602  0.000000
  4603  0.000000
  4604  0.000000
  4605  1.000000
  4606  0.000000
  4607  0.000000
  4608  0.000000
  4609  0.000000
  4610  0.000000
  4611  0.000000
  4612  0.000000
  4613  0.000000
  4614  0.000000
  4615  0.000000
  4616  0.000000
  4617  0.000000
  4618  0.000000
  4619  0.000000
  4620  0.000000
  4621  0.000000
  4622  0.000000
  4623  0.000000
  4624  0.000000
  4625  0.000000
  4626  1.000000
  4627  0.000000
  4628  0.000000
  4629  0.000000
  4630  0.000000
  4631  0.000000
  4632  0.000000
  4633  0.000000
  4634  0.000000
  4635  0.000000
  4636  7.000000
  4637  0.000000
  4638  0.000000
  4639  0.000000
  4640  0.000000
  4641  0.000000
  4642  0.000000
  4643  0.000000
  4644  0.000000
  4645  0.000000
  4646  0.000000
  4647  0.000000
  4648  0.000000
  4649  0.000000
  4650  0.000000
  4651  0.000000
  4652  0.000000
  4653  0.000000
  4654  0.000000
  4655  0.000000
  4656  0.000000
  4657  0.000000
  4658  0.000000
  4659  0.000000
  4660  0.000000
  4661  0.000000
  4662  0.000000
  4663  0.000000
  4664  0.000000
  4665  0.000000
  4666  0.000000
  4667  0.000000
  4668  0.000000
  4669  0.000000
  4670  0.000000
  4671  0.000000
  4672  0.000000
  4673  0.000000
  4674  0.000000
  4675  0.000000
  4676  0.000000
  4677  0.000000
  4678  0.000000
  4679  0.000000
  4680  0.000000
  4681  0.000000
  4682  0.000000
  4683  0.000000
  4684  0.000000
  4685  5.000000
  4686  0.000000
  4687  0.000000
  4688  0.000000
  4689  0.000000
  4690  0.000000
  4691  0.000000
  4692  0.000000
  4693  0.000000
  4694  0.000000
  4695  0.000000
  4696  0.000000
  4697  0.000000
  4698  0.000000
  4699  0.000000
  4700  0.000000
  4701  0.000000
  4702  0.000000
  4703  1.000000
  4704  0.000000
  4705  0.000000
  4706  0.000000
  4707  0.000000
  4708  0.000000
  4709  0.000000
  4710  0.000000
  4711  0.000000
  4712  0.000000
  4713  0.000000
  4714  0.000000
  4715  0.000000
  4716  0.000000
  4717  0.000000
  4718  0.000000
  4719  0.000000
  4720  0.000000
  4721  0.000000
  4722  0.000000
  4723  0.000000
  4724  0.000000
  4725  0.000000
  4726  0.000000
  4727  0.000000
  4728  1.000000
  4729  0.000000
  4730  0.000000
  4731  0.000000
  4732  0.000000
  4733  0.000000
  4734  3.000000
  4735  0.000000
  4736  0.000000
  4737  0.000000
  4738  0.000000
  4739  0.000000
  4740  0.000000
  4741  0.000000
  4742  0.000000
  4743  0.000000
  4744  0.000000
  4745  0.000000
  4746  0.000000
  4747  0.000000
  4748  0.000000
  4749  0.000000
  4750  0.000000
  4751  0.000000
  4752  0.000000
  4753  0.000000
  4754  0.000000
  4755  0.000000
  4756  0.000000
  4757  0.000000
  4758  0.000000
  4759  0.000000
  4760  0.000000
  4761  0.000000
  4762  0.000000
  4763  0.000000
  4764  0.000000
  4765  0.000000
  4766  0.000000
  4767  0.000000
  4768  0.000000
  4769  0.000000
  4770  0.000000
  4771  0.000000
  4772  0.000000
  4773  0.000000
  4774  0.000000
  4775  0.000000
  4776  0.000000
  4777  0.000000
  4778  0.000000
  4779  0.000000
  4780  0.000000
  4781  0.000000
  4782  0.000000
  4783  0.000000
  4784  0.000000
  4785  0.000000
  4786  0.000000
  4787  0.000000
  4788  0.000000
  4789  0.000000
  4790  0.000000
  4791  0.000000
  4792  0.000000
  4793  0.000000
  4794  0.000000
  4795  0.000000
  4796  0.000000
  4797  0.000000
  4798  0.000000
  4799  0.000000
  4800  0.000000
  4801  0.000000
  4802  0.000000
  4803  0.000000
  4804  0.000000
  4805  0.000000
  4806  0.000000
  4807  0.000000
  4808  0.000000
  4809  0.000000
  4810  0.000000
  4811  0.000000
  4812  0.000000
  4813  0.000000
  4814  0.000000
  4815  0.000000
  4816  0.000000
  4817  0.000000
  4818  0.000000
  4819  0.000000
  4820  0.000000
  4821  0.000000
  4822  0.000000
  4823  0.000000
  4824  0.000000
  4825  0.000000
  4826  0.000000
  4827  0.000000
  4828  0.000000
  4829  0.000000
  4830  0.000000
  4831  0.000000
  4832  0.000000
  4833  0.000000
  4834  0.000000
  4835  0.000000
  4836  0.000000
  4837  0.000000
  4838  0.000000
  4839  0.000000
  4840  0.000000
  4841  0.000000
  4842  0.000000
  4843  0.000000
  4844  0.000000
  4845  0.000000
  4846  0.000000
  4847  0.000000
  4848  0.000000
  4849  0.000000
  4850  0.000000
  4851  0.000000
  4852  0.000000
  4853  0.000000
  4854  0.000000
  4855  0.000000
  4856  0.000000
  4857  0.000000
  4858  0.000000
  4859  0.000000
  4860  0.000000
  4861  0.000000
  4862  0.000000
  4863  0.000000
  4864  0.000000
  4865  0.000000
  4866  0.000000
  4867  0.000000
  4868  0.000000
  4869  0.000000
  4870  0.000000
  4871  0.000000
  4872  0.000000
  4873  0.000000
  4874  0.000000
  4875  0.000000
  4876  0.000000
  4877  0.000000
  4878  0.000000
  4879  0.000000
  4880  0.000000
  4881  0.000000
  4882  0.000000
  4883  0.000000
  4884  0.000000
  4885  0.000000
  4886  0.000000
  4887  0.000000
  4888  0.000000
  4889  0.000000
  4890  0.000000
  4891  0.000000
  4892  0.000000
  4893  0.000000
  4894  0.000000
  4895  0.000000
  4896  0.000000
  4897  0.000000
  4898  1.000000
  4899  0.000000
  4900  0.000000
  4901  0.000000
  4902  0.000000
  4903  0.000000
  4904  0.000000
  4905  0.000000
  4906  0.000000
  4907  0.000000
  4908  0.000000
  4909  0.000000
  4910  0.000000
  4911  0.000000
  4912  0.000000
  4913  0.000000
  4914  0.000000
  4915  0.000000
  4916  0.000000
  4917  0.000000
  4918  0.000000
  4919  0.000000
  4920  0.000000
  4921  0.000000
  4922  0.000000
  4923  0.000000
  4924  0.000000
  4925  0.000000
  4926  0.000000
  4927  0.000000
  4928  0.000000
  4929  0.000000
  4930  4.000000
  4931  0.000000
  4932  0.000000
  4933  0.000000
  4934  0.000000
  4935  0.000000
  4936  0.000000
  4937  0.000000
  4938  0.000000
  4939  0.000000
  4940  0.000000
  4941  0.000000
  4942  0.000000
  4943  0.000000
  4944  0.000000
  4945  0.000000
  4946  0.000000
  4947  0.000000
  4948  0.000000
  4949  0.000000
  4950  0.000000
  4951  0.000000
  4952  0.000000
  4953  0.000000
  4954  0.000000
  4955  0.000000
  4956  0.000000
  4957  0.000000
  4958  0.000000
  4959  0.000000
  4960  0.000000
  4961  0.000000
  4962  0.000000
  4963  0.000000
  4964  0.000000
  4965  0.000000
  4966  0.000000
  4967  0.000000
  4968  0.000000
  4969  0.000000
  4970  0.000000
  4971  0.000000
  4972  0.000000
  4973  0.000000
  4974  0.000000
  4975  0.000000
  4976  0.000000
  4977  0.000000
  4978  0.000000
  4979  0.000000
  4980  0.000000
  4981  0.000000
  4982  0.000000
  4983  0.000000
  4984  0.000000
  4985  0.000000
  4986  0.000000
  4987  0.000000
  4988  0.000000
  4989  0.000000
  4990  0.000000
  4991  0.000000
  4992  0.000000
  4993  0.000000
  4994  0.000000
  4995  0.000000
  4996  0.000000
  4997  0.000000
  4998  0.000000
  4999  0.000000
  5000  0.000000
  5001  0.000000
  5002  2.000000
  5003  0.000000
  5004  0.000000
  5005  0.000000
  5006  0.000000
  5007  0.000000
  5008  0.000000
  5009  0.000000
  5010  0.000000
  5011  0.000000
  5012  0.000000
  5013  0.000000
  5014  0.000000
  5015  0.000000
  5016  0.000000
  5017  0.000000
  5018  0.000000
  5019  0.000000
  5020  0.000000
  5021  0.000000
  5022  0.000000
  5023  0.000000
  5024  0.000000
  5025  0.000000
  5026  0.000000
  5027  0.000000
  5028  13.000000
  5029  0.000000
  5030  0.000000
  5031  0.000000
  5032  0.000000
  5033  0.000000
  5034  0.000000
  5035  0.000000
  5036  0.000000
  5037  0.000000
  5038  0.000000
  5039  0.000000
  5040  0.000000
  5041  0.000000
  5042  0.000000
  5043  0.000000
  5044  0.000000
  5045  0.000000
  5046  0.000000
  5047  0.000000
  5048  0.000000
  5049  0.000000
  5050  0.000000
  5051  0.000000
  5052  0.000000
  5053  0.000000
  5054  0.000000
  5055  0.000000
  5056  0.000000
  5057  0.000000
  5058  0.000000
  5059  0.000000
  5060  0.000000
  5061  0.000000
  5062  0.000000
  5063  0.000000
  5064  0.000000
  5065  0.000000
  5066  0.000000
  5067  0.000000
  5068  0.000000
  5069  0.000000
  5070  0.000000
  5071  0.000000
  5072  0.000000
  5073  0.000000
  5074  0.000000
  5075  0.000000
  5076  0.000000
  5077  0.000000
  5078  0.000000
  5079  0.000000
  5080  0.000000
  5081  0.000000
  5082  0.000000
  5083  0.000000
  5084  0.000000
  5085  0.000000
  5086  0.000000
  5087  0.000000
  5088  0.000000
  5089  0.000000
  5090  0.000000
  5091  0.000000
  5092  0.000000
  5093  0.000000
  5094  0.000000
  5095  0.000000
  5096  0.000000
  5097  0.000000
  5098  0.000000
  5099  0.000000
  5100  0.000000
  5101  0.000000
  5102  0.000000
  5103  0.000000
  5104  0.000000
  5105  0.000000
  5106  0.000000
  5107  0.000000
  5108  0.000000
  5109  0.000000
  5110  1.000000
  5111  0.000000
  5112  0.000000
  5113  0.000000
  5114  0.000000
  5115  0.000000
  5116  0.000000
  5117  0.000000
  5118  0.000000
  5119  0.000000
  5120  0.000000
  5121  0.000000
  5122  0.000000
  5123  0.000000
  5124  0.000000
  5125  0.000000
  5126  10.000000
  5127  0.000000
  5128  0.000000
  5129  0.000000
  5130  0.000000
  5131  0.000000
  5132  0.000000
  5133  0.000000
  5134  0.000000
  5135  0.000000
  5136  0.000000
  5137  0.000000
  5138  0.000000
  5139  0.000000
  5140  0.000000
  5141  0.000000
  5142  0.000000
  5143  0.000000
  5144  0.000000
  5145  0.000000
  5146  0.000000
  5147  0.000000
  5148  0.000000
  5149  0.000000
  5150  0.000000
  5151  0.000000
  5152  0.000000
  5153  0.000000
  5154  0.000000
  5155  0.000000
  5156  0.000000
  5157  0.000000
  5158  0.000000
  5159  0.000000
  5160  0.000000
  5161  0.000000
  5162  0.000000
  5163  0.000000
  5164  0.000000
  5165  0.000000
  5166  0.000000
  5167  0.000000
  5168  0.000000
  5169  0.000000
  5170  0.000000
  5171  0.000000
  5172  0.000000
  5173  0.000000
  5174  0.000000
  5175  2.000000
  5176  0.000000
  5177  0.000000
  5178  0.000000
  5179  0.000000
  5180  0.000000
  5181  0.000000
  5182  1.000000
  5183  0.000000
  5184  0.000000
  5185  0.000000
  5186  0.000000
  5187  0.000000
  5188  0.000000
  5189  0.000000
  5190  0.000000
  5191  0.000000
  5192  0.000000
  5193  0.000000
  5194  0.000000
  5195  0.000000
  5196  0.000000
  5197  0.000000
  5198  0.000000
  5199  0.000000
  5200  0.000000
  5201  0.000000
  5202  0.000000
  5203  0.000000
  5204  0.000000
  5205  0.000000
  5206  0.000000
  5207  0.000000
  5208  0.000000
  5209  0.000000
  5210  0.000000
  5211  0.000000
  5212  0.000000
  5213  0.000000
  5214  0.000000
  5215  0.000000
  5216  0.000000
  5217  0.000000
  5218  0.000000
  5219  0.000000
  5220  0.000000
  5221  0.000000
  5222  0.000000
  5223  0.000000
  5224  0.000000
  5225  0.000000
  5226  0.000000
  5227  0.000000
  5228  0.000000
  5229  0.000000
  5230  0.000000
  5231  0.000000
  5232  0.000000
  5233  0.000000
  5234  0.000000
  5235  0.000000
  5236  0.000000
  5237  0.000000
  5238  0.000000
  5239  0.000000
  5240  0.000000
  5241  0.000000
  5242  0.000000
  5243  0.000000
  5244  0.000000
  5245  0.000000
  5246  0.000000
  5247  0.000000
  5248  0.000000
  5249  0.000000
  5250  0.000000
  5251  0.000000
  5252  0.000000
  5253  0.000000
  5254  0.000000
  5255  0.000000
  5256  0.000000
  5257  0.000000
  5258  0.000000
  5259  0.000000
  5260  0.000000
  5261  0.000000
  5262  0.000000
  5263  0.000000
  5264  0.000000
  5265  0.000000
  5266  0.000000
  5267  0.000000
  5268  0.000000
  5269  0.000000
  5270  0.000000
  5271  0.000000
  5272  0.000000
  5273  0.000000
  5274  0.000000
  5275  0.000000
  5276  0.000000
  5277  0.000000
  5278  0.000000
  5279  0.000000
  5280  0.000000
  5281  0.000000
  5282  0.000000
  5283  0.000000
  5284  0.000000
  5285  0.000000
  5286  0.000000
  5287  0.000000
  5288  0.000000
  5289  0.000000
  5290  0.000000
  5291  0.000000
  5292  0.000000
  5293  0.000000
  5294  0.000000
  5295  0.000000
  5296  0.000000
  5297  0.000000
  5298  0.000000
  5299  0.000000
  5300  0.000000
  5301  0.000000
  5302  0.000000
  5303  0.000000
  5304  0.000000
  5305  0.000000
  5306  0.000000
  5307  0.000000
  5308  0.000000
  5309  1.000000
  5310  0.000000
  5311  0.000000
  5312  0.000000
  5313  0.000000
  5314  0.000000
  5315  0.000000
  5316  0.000000
  5317  0.000000
  5318  0.000000
  5319  0.000000
  5320  0.000000
  5321  0.000000
  5322  7.000000
  5323  0.000000
  5324  0.000000
  5325  0.000000
  5326  0.000000
  5327  0.000000
  5328  0.000000
  5329  0.000000
  5330  0.000000
  5331  0.000000
  5332  0.000000
  5333  0.000000
  5334  0.000000
  5335  0.000000
  5336  0.000000
  5337  0.000000
  5338  0.000000
  5339  0.000000
  5340  0.000000
  5341  0.000000
  5342  0.000000
  5343  0.000000
  5344  0.000000
  5345  0.000000
  5346  0.000000
  5347  0.000000
  5348  0.000000
  5349  0.000000
  5350  0.000000
  5351  0.000000
  5352  0.000000
  5353  0.000000
  5354  0.000000
  5355  0.000000
  5356  0.000000
  5357  0.000000
  5358  0.000000
  5359  0.000000
  5360  0.000000
  5361  0.000000
  5362  0.000000
  5363  0.000000
  5364  0.000000
  5365  0.000000
  5366  0.000000
  5367  0.000000
  5368  0.000000
  5369  0.000000
  5370  0.000000
  5371  0.000000
  5372  0.000000
  5373  0.000000
  5374  0.000000
  5375  0.000000
  5376  0.000000
  5377  0.000000
  5378  0.000000
  5379  0.000000
  5380  0.000000
  5381  0.000000
  5382  0.000000
  5383  0.000000
  5384  0.000000
  5385  0.000000
  5386  0.000000
  5387  0.000000
  5388  0.000000
  5389  0.000000
  5390  0.000000
  5391  0.000000
  5392  0.000000
  5393  0.000000
  5394  0.000000
  5395  0.000000
  5396  0.000000
  5397  0.000000
  5398  0.000000
  5399  0.000000
  5400  0.000000
  5401  0.000000
  5402  0.000000
  5403  0.000000
  5404  0.000000
  5405  0.000000
  5406  0.000000
  5407  0.000000
  5408  0.000000
  5409  0.000000
  5410  0.000000
  5411  0.000000
  5412  0.000000
  5413  0.000000
  5414  0.000000
  5415  0.000000
  5416  0.000000
  5417  0.000000
  5418  0.000000
  5419  0.000000
  5420  0.000000
  5421  0.000000
  5422  0.000000
  5423  0.000000
  5424  0.000000
  5425  0.000000
  5426  0.000000
  5427  0.000000
  5428  0.000000
  5429  0.000000
  5430  0.000000
  5431  1.000000
  5432  0.000000
  5433  0.000000
  5434  0.000000
  5435  0.000000
  5436  0.000000
  5437  0.000000
  5438  0.000000
  5439  0.000000
  5440  0.000000
  5441  0.000000
  5442  0.000000
  5443  0.000000
  5444  0.000000
  5445  0.000000
  5446  0.000000
  5447  0.000000
  5448  0.000000
  5449  0.000000
  5450  0.000000
  5451  0.000000
  5452  0.000000
  5453  0.000000
  5454  0.000000
  5455  0.000000
  5456  0.000000
  5457  0.000000
  5458  0.000000
  5459  0.000000
  5460  0.000000
  5461  0.000000
  5462  0.000000
  5463  0.000000
  5464  0.000000
  5465  0.000000
  5466  0.000000
  5467  0.000000
  5468  0.000000
  5469  3.000000
  5470  0.000000
  5471  0.000000
  5472  0.000000
  5473  0.000000
  5474  0.000000
  5475  0.000000
  5476  0.000000
  5477  0.000000
  5478  0.000000
  5479  0.000000
  5480  0.000000
  5481  0.000000
  5482  0.000000
  5483  0.000000
  5484  0.000000
  5485  0.000000
  5486  0.000000
  5487  0.000000
  5488  0.000000
  5489  0.000000
  5490  0.000000
  5491  0.000000
  5492  0.000000
  5493  0.000000
  5494  0.000000
  5495  0.000000
  5496  0.000000
  5497  0.000000
  5498  0.000000
  5499  0.000000
  5500  0.000000
  5501  0.000000
  5502  0.000000
  5503  0.000000
  5504  0.000000
  5505  0.000000
  5506  0.000000
  5507  0.000000
  5508  0.000000
  5509  0.000000
  5510  0.000000
  5511  0.000000
  5512  0.000000
  5513  0.000000
  5514  1.000000
  5515  0.000000
  5516  0.000000
  5517  0.000000
  5518  3.000000
  5519  0.000000
  5520  0.000000
  5521  0.000000
  5522  0.000000
  5523  0.000000
  5524  0.000000
  5525  0.000000
  5526  0.000000
  5527  0.000000
  5528  0.000000
  5529  0.000000
  5530  0.000000
  5531  0.000000
  5532  0.000000
  5533  0.000000
  5534  0.000000
  5535  0.000000
  5536  0.000000
  5537  0.000000
  5538  1.000000
  5539  0.000000
  5540  0.000000
  5541  0.000000
  5542  0.000000
  5543  0.000000
  5544  0.000000
  5545  0.000000
  5546  0.000000
  5547  0.000000
  5548  0.000000
  5549  0.000000
  5550  0.000000
  5551  0.000000
  5552  0.000000
  5553  0.000000
  5554  0.000000
  5555  0.000000
  5556  0.000000
  5557  0.000000
  5558  0.000000
  5559  0.000000
  5560  0.000000
  5561  0.000000
  5562  0.000000
  5563  0.000000
  5564  0.000000
  5565  0.000000
  5566  0.000000
  5567  9.000000
  5568  0.000000
  5569  0.000000
  5570  0.000000
  5571  0.000000
  5572  0.000000
  5573  0.000000
  5574  0.000000
  5575  0.000000
  5576  0.000000
  5577  0.000000
  5578  0.000000
  5579  0.000000
  5580  0.000000
  5581  0.000000
  5582  0.000000
  5583  0.000000
  5584  0.000000
  5585  0.000000
  5586  0.000000
  5587  0.000000
  5588  0.000000
  5589  0.000000
  5590  0.000000
  5591  0.000000
  5592  0.000000
  5593  0.000000
  5594  0.000000
  5595  0.000000
  5596  0.000000
  5597  0.000000
  5598  0.000000
  5599  0.000000
  5600  0.000000
  5601  0.000000
  5602  0.000000
  5603  0.000000
  5604  0.000000
  5605  0.000000
  5606  0.000000
  5607  0.000000
  5608  0.000000
  5609  0.000000
  5610  0.000000
  5611  0.000000
  5612  0.000000
  5613  0.000000
  5614  0.000000
  5615  0.000000
  5616  0.000000
  43280  0.000000
  44944  0.000000
  1  15.485090
  2  13.375980
  3  11.944736
  4  12.096155
  5  14.564127
  6  19.175440
  7  20.290874
  8  19.108660
  9  18.177700
  10  20.997078
  11  21.611694
  12  17.541553
  13  17.419756
  14  17.063078
  15  9.832393
  16  5.969081
  17  7.632310
  18  9.516155
  19  15.687016
  20  15.197813
  21  3.992780
  22  5.413589
  23  3.899189
  24  0.185120
  25  -2.238927
  26  -2.840504
  27  -2.543068
  28  -3.597833
  29  -4.675663
  30  -4.501011
  31  -3.885722
  32  -3.240472
  33  -3.081860
  34  -3.462994
  35  -2.408661
  36  -2.420376
  37  -0.831348
  38  1.143983
  39  -0.819009
  40  -0.654445
  41  1.180512
  42  -1.004338
  43  0.088812
  44  1.910335
  45  -1.265424
  46  -1.433767
  47  -3.127457
  48  -4.862352
  49  -4.303735
  50  -4.243685
  51  -5.177372
  52  -5.852900
  53  -5.293529
  54  -5.104269
  55  -4.803546
  56  -5.405289
  57  -5.666306
  58  -2.725858
  59  -3.092713
  60  -2.588910
  61  -0.575791
  62  0.295776
  63  -0.447816
  64  -0.130990
  65  -1.249078
  66  -0.973699
  67  2.259854
  68  2.519011
  69  2.295366
  70  10.766169
  71  12.944269
  72  10.890461
  73  7.421405
  74  10.911336
  75  14.483862
  76  16.004299
  77  14.778162
  78  10.473766
  79  11.871850
  80  16.986006
  81  18.516634
  82  16.014843
  83  17.011446
  84  14.594814
  85  12.015189
  86  16.276505
  87  16.226728
  88  15.343699
  89  12.233206
  90  5.722451
  91  12.548195
  92  11.572481
  93  -2.504377
  94  -0.125393
  95  -1.369390
  96  -4.436531
  97  -3.895732
  98  -1.601675
  99  -0.710364
  100  -1.869050
  101  -2.315281
  102  -2.845902
  103  -2.275129
  104  -2.066328
  105  -3.543732
  106  -1.732455
  107  0.586988
  108  -1.526732
  109  -2.004625
  110  -1.099641
  111  -3.354159
  112  -3.644523
  113  -5.248630
  114  -1.306131
  115  -1.114384
  116  -3.776414
  117  -5.063560
  118  -4.227559
  119  -4.648485
  120  -5.862067
  121  -7.533271
  122  -7.602976
  123  -7.072518
  124  -4.468130
  125  -4.122424
  126  -5.539318
